#Simcount		average latency
1		0
2		0
3		0
4		0
5		0
6		0
7		0
8		0
9		0
10		0
11		0
12		2
13		0
14		2
15		0
16		0
17		3
18		2
19		0
20		2.5
21		0
22		0
23		3
24		2
25		0
26		2.5
27		0
28		0
29		3
30		2
31		0
32		2.5
33		0
34		0
35		3
36		2
37		0
38		2
39		0
40		0
41		3
42		2
43		0
44		2.5
45		0
46		0
47		3
48		2
49		0
50		2
51		0
52		0
53		3
54		2
55		0
56		2.5
57		0
58		0
59		3
60		2
61		0
62		2.5
63		3
64		0
65		3
66		2.5
67		0
68		2.5
69		0
70		0
71		3
72		2
73		0
74		2.66667
75		0
76		0
77		3
78		2
79		0
80		2.5
81		0
82		0
83		3
84		2
85		0
86		2.5
87		0
88		0
89		3
90		2
91		0
92		2.5
93		0
94		0
95		3
96		2
97		0
98		2.5
99		0
100		0
101		3
102		2
103		0
104		2.5
105		0
106		0
107		3
108		2
109		0
110		2.5
111		3
112		0
113		3
114		2.5
115		0
116		2.5
117		0
118		0
119		3
120		2
121		0
122		2.5
123		0
124		0
125		3
126		2
127		0
128		2.66667
129		0
130		0
131		3
132		2
133		0
134		2.5
135		0
136		0
137		3
138		2
139		0
140		2
141		0
142		0
143		3
144		2
145		0
146		2.5
147		0
148		0
149		3
150		2
151		0
152		2.5
153		3
154		0
155		3
156		2
157		0
158		2.5
159		0
160		0
161		3
162		2
163		0
164		2
165		0
166		0
167		3
168		2
169		0
170		2.5
171		0
172		0
173		3
174		2
175		0
176		2.5
177		3
178		0
179		3
180		2
181		0
182		2.5
183		0
184		0
185		3
186		2
187		0
188		2.5
189		0
190		0
191		3
192		2
193		0
194		2.5
195		0
196		0
197		3
198		2
199		0
200		2.5
201		3
202		0
203		3
204		2
205		0
206		2
207		0
208		0
209		3
210		2
211		0
212		2.5
213		0
214		0
215		3
216		2
217		0
218		2.5
219		3
220		0
221		3
222		2.5
223		0
224		2.5
225		0
226		0
227		3
228		2
229		0
230		2
231		0
232		0
233		3
234		2
235		0
236		2.5
237		0
238		0
239		3
240		2
241		0
242		2.5
243		0
244		0
245		3
246		2
247		0
248		2.5
249		0
250		0
251		3
252		2
253		0
254		2.5
255		0
256		0
257		3
258		2
259		0
260		2
261		3
262		0
263		3
264		2.5
265		0
266		2.5
267		0
268		0
269		3
270		2
271		0
272		2.5
273		0
274		0
275		3
276		2
277		0
278		2.5
279		0
280		0
281		3
282		2
283		0
284		2.5
285		0
286		0
287		3
288		2
289		0
290		2.66667
291		0
292		0
293		3
294		2
295		0
296		2.5
297		0
298		0
299		3
300		2
301		0
302		2.66667
303		0
304		0
305		3
306		2
307		0
308		2.66667
309		0
310		0
311		3
312		2
313		0
314		2.5
315		3
316		0
317		3
318		2.5
319		0
320		2.5
321		0
322		0
323		3
324		2
325		0
326		2.5
327		0
328		0
329		3
330		2
331		0
332		2.5
333		0
334		0
335		3
336		2
337		0
338		2.66667
339		0
340		0
341		3
342		2
343		0
344		2
345		0
346		0
347		3
348		2
349		0
350		2.5
351		0
352		0
353		3
354		2
355		0
356		2.66667
357		0
358		0
359		3
360		0
361		0
362		3
363		0
364		0
365		0
366		0
367		0
368		0
369		0
370		0
371		0
372		0
373		0
374		0
375		0
376		0
377		0
378		0
379		0
380		0
381		0
382		0
383		0
384		0
385		0
386		0
387		0
388		0
389		0
390		0
391		0
392		0
393		0
394		0
395		0
396		0
397		0
398		0
399		0
400		0
401		0
402		0
403		0
404		0
405		0
406		0
407		0
408		0
409		0
410		0
411		0
412		0
413		0
414		0
415		0
416		0
417		0
418		0
419		0
420		0
421		0
422		0
423		0
424		0
425		0
426		0
427		0
428		0
429		0
430		0
431		0
432		0
433		0
434		0
435		0
436		0
437		0
438		0
439		0
440		0
441		0
442		0
443		0
444		0
445		0
446		0
447		0
448		0
449		0
450		0
451		0
452		0
453		0
454		0
455		0
456		0
457		0
458		0
459		0
460		0
461		0
462		0
463		0
464		0
465		0
466		0
467		0
468		0
469		0
470		0
471		0
472		0
473		0
474		0
475		0
476		0
477		0
478		0
479		0
480		0
481		0
482		0
483		0
484		0
485		0
486		0
487		0
488		0
489		0
490		0
491		0
492		0
493		0
494		0
495		0
496		0
497		0
498		0
499		0
500		0
