Tile	Output		Total no.	Total no.	avg. latency	avg. latency	average
ID	channel		of packets	of flits	per packet	per flit	throughput
							(clock cycles)	(clock cycles)	(Gbps)
0	South		303		909		103.561		34.5204		0.363902
0	East		3585		10755		130.275		43.425		4.30342
0	Core		5874		17622		3.05073		1.01691		7.05084
1	South		13378		40134		42.6516		14.2172		16.0547
1	East		6231		18693		12.8238		4.27459		7.4787
1	West		5439		16317		6.81743		2.27248		6.52876
1	Core		6064		18192		3.23532		1.07844		7.28139
2	South		0		0		0		0		0
2	East		2289		6867		16.377		5.45901		2.74751
2	West		13559		40679		37.2543		12.4175		16.2736
2	Core		5486		16458		3.11958		1.03986		6.58557
3	South		4965		14895		38.0556		12.6852		5.9605
3	West		7829		23487		34.7585		11.5862		9.39612
3	Core		5107		15323		3.18954		1.06304		6.13055
4	North		435		1305		69.977		23.3257		0.522591
4	South		0		0		0		0		0
4	East		5616		16848		83.3032		27.7677		6.74136
4	Core		5647		16941		3.03613		1.01204		6.77809
5	North		13651		40954		13.6895		4.56307		16.3839
5	South		15422		46267		28.8367		9.61201		18.5092
5	East		0		0		0		0		0
5	West		5344		16032		9.77489		3.2583		6.4144
5	Core		5805		17415		3.2422		1.08073		6.96684
6	North		0		0		0		0		0
6	South		0		0		0		0		0
6	East		0		0		0		0		0
6	West		0		0		0		0		0
6	Core		0		0		0		0		0
7	North		2820		8460		14.4585		4.8195		3.38447
7	South		7441		22325		69.2426		23.0788		8.93098
7	West		0		0		0		0		0
7	Core		5838		17514		3.14029		1.04676		7.00707
8	North		0		0		0		0		0
8	South		0		0		0		0		0
8	East		0		0		0		0		0
8	Core		0		0		0		0		0
9	North		18514		55542		21.1611		7.05371		22.2184
9	South		10564		31692		15.993		5.331		12.6784
9	East		7036		21108		17.5139		5.83798		8.44455
9	West		0		0		0		0		0
9	Core		5955		17865		3.33837		1.11279		7.14915
10	North		0		0		0		0		0
10	South		1825		5477		21.503		7.16505		2.19139
10	East		8059		24177		21.7336		7.24453		9.67293
10	West		6695		20085		57.7404		19.2468		8.03529
10	Core		5893		17679		3.30952		1.10317		7.0728
11	North		7352		22056		11.966		3.98867		8.82319
11	South		1835		5505		20.4033		6.80109		2.20306
11	West		9194		27582		54.3143		18.1048		11.0337
11	Core		5846		17538		3.23828		1.07943		7.01716
12	North		0		0		0		0		0
12	East		5436		16308		91.9316		30.6439		6.52398
12	Core		5595		16785		3		1		6.71649
13	North		17515		52547		30.1428		10.0472		21.0209
13	East		4670		14010		17.3261		5.77537		5.60821
13	West		5595		16785		9.06559		3.02186		6.71649
13	Core		5916		17749		3.23529		1.07837		7.1013
14	North		3134		9402		39.402		13.134		3.76253
14	East		3134		9402		13.1851		4.39502		3.7634
14	West		15538		46614		22.1893		7.39645		18.6471
14	Core		5343		16029		3.21561		1.07187		6.41275
15	North		4720		14160		19.5644		6.52147		5.66553
15	West		10416		31248		17.3619		5.78731		12.5023
15	Core		4968		14904		3.16083		1.05361		5.96494

Overall average latency per channel (in clock cycles per flit) = 8.1407

Overall average latency per channel(in clock cycles per packet) = 24.4224

Overall average latency (in clock cycles per flit) = 110.21

Overall average path strech = 1.08925

Overall non-optimal fraction = 0.0394098

Total Flits Generated = 238282
Total Flits Received = 238012
