Tile	Output		Total no.	Total no.	avg. latency	avg. latency	average
ID	channel		of packets	of flits	per packet	per flit	throughput
							(clock cycles)	(clock cycles)	(Gbps)
0	South		12		36		71.0833		23.6944		1.45455
0	East		51		153		80.7059		26.902		5.78997
0	Core		68		204		3.16176		1.05392		7.93003
1	South		152		456		43.6974		14.5658		16.688
1	East		50		150		3.26		1.08667		5.55042
1	West		60		180		5.4		1.8		6.99708
1	Core		88		264		3.38636		1.12879		10.3733
2	South		35		105		47.7714		15.9238		4.06583
2	East		33		99		8.51515		2.83838		3.6803
2	West		142		426		24.3732		8.12441		16.5276
2	Core		62		186		3.16129		1.05376		6.98592
3	South		51		153		17.0392		5.67974		6.0355
3	West		112		336		18.1161		6.03869		13.3598
3	Core		73		219		3.23288		1.07763		8.14126
4	North		8		24		18.75		6.25		0.977597
4	South		15		45		36.0667		12.0222		1.73745
4	East		54		162		78.7222		26.2407		6.2069
4	Core		75		225		3.04		1.01333		8.27206
5	North		146		438		13.1301		4.37671		16.2523
5	South		180		540		28.7111		9.57037		19.3202
5	East		48		144		16.0417		5.34722		5.61404
5	West		67		201		3.47761		1.1592		7.38971
5	Core		84		252		3.39286		1.13095		9.47368
6	North		32		96		3.625		1.20833		3.89058
6	South		37		111		40.2973		13.4324		4.26923
6	East		33		99		11.9091		3.9697		3.65651
6	West		89		267		43.427		14.4757		10.0094
6	Core		67		201		3.29851		1.0995		7.89784
7	North		40		120		12.075		4.025		5.03673
7	South		69		207		23.2754		7.75845		7.92344
7	West		69		207		45.3188		15.1063		8.06232
7	Core		71		213		3.30986		1.10329		7.86704
8	North		8		24		46.125		15.375		0.992761
8	South		17		51		34.9412		11.6471		1.96911
8	East		40		120		103.25		34.4167		4.49018
8	Core		63		189		3.03175		1.01058		6.97417
9	North		198		594		24.3788		8.12626		22.1023
9	South		130		390		13.8077		4.60256		13.8421
9	East		40		120		19.775		6.59167		4.39963
9	West		56		168		7.08929		2.3631		6.19926
9	Core		99		297		3.68687		1.22896		10.6547
10	North		52		156		10.6731		3.55769		5.92593
10	South		34		102		8.02941		2.67647		3.88942
10	East		77		231		21.026		7.00866		8.51613
10	West		84		252		39.9167		13.3056		9.69231
10	Core		77		231		3.20779		1.06926		8.51613
11	North		59		177		10.0847		3.36158		7.1443
11	South		38		114		6.84211		2.2807		4.49704
11	West		130		390		38.8846		12.9615		14.6893
11	Core		66		198		3.30303		1.10101		7.23949
12	North		6		18		74.6667		24.8889		0.841121
12	East		61		183		74.1639		24.7213		6.98473
12	Core		76		228		3.13158		1.04386		8.17937
13	North		190		570		24.7526		8.25088		20.9174
13	East		50		150		16.22		5.40667		5.39568
13	West		59		177		24.8814		8.29379		6.77512
13	Core		74		222		3.2973		1.0991		8.05077
14	North		45		135		32.9111		10.9704		5.35183
14	East		36		108		8.16667		2.72222		3.9963
14	West		161		483		19.0683		6.35611		18.8488
14	Core		69		207		3.27536		1.09179		7.64543
15	North		62		186		11.7258		3.9086		7.46988
15	West		96		288		9.69792		3.23264		11.7791
15	Core		74		222		3.40541		1.13514		8.1768

Overall average latency per channel (in clock cycles per flit) = 6.77674

Overall average latency per channel(in clock cycles per packet) = 20.3302

Overall average latency (in clock cycles per flit) = 83.3286

Overall average path strech = 1.00485

[32mOverall non-optimal fraction = 0.00224845[0m

Total Flits Generated = 3558
Total Flits Received = 3558
