131
81
113
125
105
106
105
163
201
126
104
88
83
96
97
126
95
123
75
79
82
93
103
77
99
104
125
146
97
92
107
100
75
181
86
96
102
107
196
118
116
100
126
99
149
87
110
112
120
116
133
124
104
177
141
167
79
89
124
147
136
82
69
111
108
91
82
84
141
121
113
135
129
130
111
96
127
129
138
138
153
129
91
95
97
125
108
119
89
74
84
98
115
148
138
104
96
103
85
103
164
130
90
111
93
102
98
182
63
63
86
123
217
187
104
102
108
94
117
110
166
141
176
157
146
187
117
87
77
109
92
92
145
120
144
91
101
91
91
84
109
106
100
119
96
132
114
139
114
176
99
97
104
99
102
109
101
118
94
112
120
88
123
88
96
86
140
158
148
118
97
84
91
101
123
123
123
80
99
108
98
142
179
140
97
106
136
186
138
143
162
182
117
93
83
84
116
118
72
94
85
112
106
147
159
167
136
78
97
97
131
142
112
115
100
83
130
124
68
86
132
151
112
87
87
93
123
78
124
96
79
90
82
86
150
98
117
118
139
119
123
147
153
81
80
87
147
75
113
74
119
118
114
84
110
174
109
177
135
73
112
106
100
107
108
94
86
74
72
88
141
141
152
92
93
131
87
87
170
104
85
117
105
114
76
87
89
125
102
139
116
99
117
93
94
89
135
80
111
102
81
127
147
86
86
86
88
143
155
147
139
98
138
143
112
159
132
132
110
111
119
112
101
98
90
82
89
136
152
99
76
94
120
109
109
104
102
128
80
140
79
116
94
93
73
94
83
122
106
128
105
93
104
116
123
145
96
142
118
127
153
113
103
82
80
110
105
92
113
86
132
116
85
129
106
133
121
136
149
116
146
150
170
103
98
93
96
110
93
90
80
127
111
75
76
102
102
101
86
123
97
90
150
103
104
102
119
99
138
93
114
128
99
134
171
94
91
64
102
91
107
104
129
119
73
125
85
122
126
149
100
131
107
102
77
92
82
82
96
108
133
82
139
67
114
149
98
72
79
80
172
97
110
125
108
92
87
82
112
102
132
124
124
94
96
91
99
107
107
139
153
143
101
121
111
109
115
76
78
74
97
161
126
102
88
87
92
94
112
104
88
109
79
181
59
157
137
133
104
147
117
89
85
114
81
110
113
104
173
219
157
77
137
156
137
97
122
157
83
132
122
107
128
80
87
104
104
133
88
