158
206
285
122
87
143
80
99
111
184
380
351
113
225
134
281
142
100
122
127
289
287
230
524
251
167
271
256
97
137
275
136
312
392
153
119
118
329
399
220
503
171
210
174
162
389
375
321
168
206
136
221
138
220
302
403
458
329
178
117
191
166
114
311
74
209
149
452
67
317
280
158
299
242
265
372
485
122
76
243
252
245
413
290
319
189
263
117
424
420
97
93
202
196
169
261
239
201
89
111
190
581
264
92
243
241
219
381
86
275
215
277
567
344
262
158
178
194
272
168
226
157
275
125
134
407
199
222
289
216
215
238
237
183
214
110
184
170
201
729
687
310
210
472
332
191
138
168
203
342
238
639
142
495
126
172
359
342
327
128
95
97
515
83
207
187
117
150
144
