323
150
182
173
156
115
90
131
131
84
160
204
152
116
139
135
101
114
139
159
153
217
157
197
115
119
161
157
162
120
158
136
210
211
219
133
70
250
161
128
106
98
122
213
167
152
172
171
202
170
152
102
91
121
145
231
109
118
184
161
123
115
114
102
172
164
78
87
140
192
310
263
203
156
110
178
132
192
169
107
102
119
134
170
125
100
98
141
118
255
104
171
179
137
217
176
124
96
175
163
144
91
163
158
174
150
150
186
202
173
123
135
102
111
146
174
113
124
140
226
342
192
233
185
86
178
180
232
188
135
135
170
192
126
157
175
81
158
206
154
99
68
127
151
109
129
217
102
105
119
88
117
121
173
215
153
97
98
105
222
162
224
195
245
204
127
112
148
137
145
116
157
217
157
137
125
112
188
110
114
104
96
240
226
199
263
132
145
167
154
154
129
127
105
110
115
241
240
191
226
100
77
151
96
229
182
159
203
142
157
301
168
225
147
193
220
129
83
120
149
119
134
124
111
246
140
106
270
219
54
73
162
233
149
122
139
243
139
203
192
169
90
205
198
148
172
101
138
154
277
121
160
156
155
191
188
128
116
116
206
160
177
60
122
139
146
209
195
95
94
180
273
101
199
192
261
204
197
180
127
88
130
181
237
206
166
87
189
115
153
232
196
144
109
252
102
135
115
118
186
335
80
277
200
101
145
222
256
363
222
242
176
182
157
264
182
101
129
128
140
186
182
128
167
171
172
134
139
251
183
129
226
192
134
216
196
168
191
222
147
119
181
