308
77
213
261
101
342
249
196
258
421
168
222
244
401
126
277
133
315
468
262
220
294
146
618
306
215
305
335
237
381
215
184
297
231
392
321
476
170
334
114
386
320
430
186
211
286
148
87
334
295
319
150
238
436
144
183
719
780
297
378
111
142
218
467
98
98
308
151
290
149
211
569
335
377
395
246
203
382
569
113
197
326
177
97
307
468
391
523
356
258
114
257
667
713
559
479
589
629
328
442
215
687
232
305
215
205
239
674
706
203
179
318
41
528
614
473
88
99
350
461
402
274
210
341
318
252
356
252
121
366
733
432
176
153
379
358
275
210
199
294
365
249
240
149
280
311
75
147
565
418
269
143
142
197
299
289
463
298
446
363
274
89
77
