146
160
128
57
152
168
108
71
103
101
180
246
129
170
135
130
101
130
127
80
100
178
155
171
124
106
125
120
230
139
108
94
139
161
163
76
134
196
200
134
150
124
188
84
77
130
298
153
206
182
172
135
95
220
224
152
168
176
169
142
277
161
129
139
103
55
167
84
194
135
113
102
112
162
74
188
182
134
118
63
73
63
194
161
163
102
177
87
60
131
133
192
203
207
228
187
185
155
169
103
76
88
88
123
211
129
97
111
105
297
108
108
109
173
120
118
76
169
122
111
78
95
121
141
158
345
141
251
185
101
142
135
249
146
188
149
168
203
180
139
113
53
78
201
191
128
207
173
243
120
81
116
162
156
143
177
242
197
204
363
320
179
130
124
63
135
295
208
191
76
122
141
97
91
257
213
63
168
107
109
172
155
147
58
111
136
146
102
226
143
151
153
217
118
171
151
109
189
171
188
197
127
88
91
91
298
263
66
173
211
134
328
121
221
163
183
191
179
146
101
270
108
82
63
54
148
113
171
80
137
227
77
100
160
250
255
119
117
123
181
151
79
79
83
178
130
127
109
193
148
99
108
143
129
127
143
94
102
130
157
189
144
140
135
129
233
173
110
77
127
127
124
97
134
109
77
82
195
117
119
171
146
155
159
159
211
130
133
128
214
152
96
110
78
148
127
92
96
119
113
154
106
231
245
212
171
128
168
107
84
395
222
251
135
194
91
82
184
83
174
126
100
169
74
111
180
117
79
