181
191
184
104
126
116
199
215
107
345
247
196
194
226
188
157
291
203
252
203
171
111
170
299
211
290
354
93
228
259
341
215
260
268
200
125
83
99
326
257
330
239
213
301
123
185
269
160
156
233
370
113
161
299
186
145
145
158
92
63
231
315
240
206
320
237
191
151
162
98
210
212
289
199
107
222
244
324
306
137
62
62
46
257
162
205
248
154
241
245
233
117
186
122
148
119
216
202
131
219
231
216
232
103
378
366
184
223
254
136
139
209
164
233
268
194
82
69
229
276
115
107
266
83
133
325
229
128
242
272
297
209
284
302
251
158
324
212
281
422
417
261
161
236
188
278
206
251
230
202
114
310
196
172
466
292
354
258
110
98
377
304
201
188
255
139
226
219
209
153
176
100
129
199
154
175
185
252
234
155
282
310
269
115
341
132
347
263
190
258
234
297
260
149
279
364
186
341
238
141
66
55
147
417
142
132
163
149
315
249
179
162
207
464
