192
342
397
279
141
305
446
192
196
446
391
371
73
308
389
148
137
258
118
249
49
101
105
255
276
322
240
355
120
378
247
343
268
325
185
519
394
298
271
540
583
151
149
308
326
259
208
167
191
295
501
188
181
339
266
300
307
349
396
457
579
142
263
104
215
322
97
381
534
258
263
167
298
215
433
229
463
230
447
393
257
293
239
245
343
604
230
579
451
181
318
448
129
355
176
166
227
178
264
171
296
299
433
203
213
541
476
243
474
368
389
413
220
418
281
481
421
189
547
333
175
339
377
228
292
246
319
506
649
268
143
268
95
362
286
253
107
166
246
258
206
194
282
130
837
213
314
397
244
488
173
430
835
217
499
642
379
93
106
296
279
245
472
515
76
113
