9
9
200
183
175
180
182
92
466
106
109
102
263
103
103
87
231
134
420
298
293
187
215
238
255
165
202
237
215
192
169
300
166
289
389
374
257
71
214
216
218
215
178
387
287
296
289
228
213
167
407
341
367
244
180
304
133
339
138
377
163
262
289
450
417
249
64
428
74
294
191
261
149
392
375
226
260
409
218
520
235
517
263
195
603
357
150
209
322
201
134
230
119
415
164
281
212
212
153
337
121
148
159
287
607
176
201
646
244
403
137
147
212
240
166
387
218
262
581
109
111
348
472
361
256
111
190
209
134
287
369
308
173
271
121
136
235
218
273
366
209
231
249
319
108
181
251
471
366
246
816
266
373
258
128
133
351
260
256
417
211
211
251
416
119
157
131
283
195
147
223
373
248
194
