59
144
263
448
181
174
90
141
175
85
72
176
141
129
203
158
152
100
87
77
110
192
161
203
198
194
174
155
123
222
163
245
270
265
143
213
85
207
249
140
270
227
222
213
230
144
118
156
158
143
129
151
109
216
187
391
302
329
207
235
67
129
167
117
213
101
247
283
256
228
116
163
250
242
180
236
228
179
193
123
118
299
126
171
226
294
183
205
172
129
237
239
132
135
147
137
197
173
202
158
189
102
250
315
256
76
73
93
255
222
212
177
150
153
113
127
316
126
165
125
190
96
145
333
260
224
104
206
196
88
127
150
208
99
162
149
152
168
126
130
178
188
90
314
341
317
163
111
130
233
161
108
79
119
260
213
112
253
110
114
176
199
331
150
194
103
186
253
263
267
164
141
177
152
176
170
125
149
134
95
208
106
168
162
110
136
206
230
254
231
168
88
239
169
105
91
92
187
95
156
154
216
247
201
197
164
140
145
106
211
229
216
121
367
234
353
166
146
255
106
123
98
177
106
173
184
134
131
119
161
162
126
128
136
209
297
114
122
78
88
203
188
183
186
224
85
106
231
95
121
84
114
106
136
95
203
223
265
140
117
129
108
156
155
193
103
134
172
120
195
204
126
86
86
92
206
188
168
123
113
215
131
113
97
114
101
120
153
273
96
98
157
128
160
275
248
111
