24
29
38
38
61
75
59
57
53
60
68
57
67
56
60
66
62
61
72
65
67
64
53
53
74
61
78
78
64
70
63
52
66
67
58
65
70
66
65
73
76
59
50
56
56
54
67
70
52
51
68
64
53
74
74
64
68
63
64
66
62
56
65
65
57
59
59
60
57
62
62
80
74
78
65
56
52
64
61
60
73
72
49
53
53
63
66
82
63
60
54
64
54
48
57
54
60
78
66
61
61
60
60
65
78
60
50
61
58
53
50
55
67
59
62
52
71
63
66
62
55
49
49
49
56
72
62
75
75
62
62
55
60
49
59
50
58
55
51
63
59
61
65
76
73
75
59
59
54
67
72
70
57
57
65
62
62
63
57
58
53
52
52
78
73
50
69
60
50
64
66
76
67
74
63
57
55
63
68
59
57
62
71
66
63
62
62
69
69
73
73
60
64
57
70
90
66
51
67
79
73
76
53
56
58
58
58
56
58
64
74
82
57
60
59
59
57
66
65
62
65
71
59
56
57
61
65
57
50
57
54
50
55
57
55
57
68
57
57
55
61
69
58
57
57
62
63
57
57
62
57
52
64
70
54
53
52
60
64
66
64
51
62
57
53
65
53
58
60
50
50
50
55
60
53
57
55
58
58
59
56
73
53
53
62
64
62
61
57
53
60
57
71
64
72
79
79
61
66
59
54
75
56
56
67
55
63
76
65
70
68
67
66
65
54
56
62
56
60
55
55
60
70
65
67
67
60
55
64
57
60
74
65
61
64
56
77
76
72
55
63
70
57
62
64
62
58
69
57
65
68
62
62
51
60
66
50
44
62
62
57
57
66
62
62
67
70
57
52
52
86
50
50
54
70
55
49
65
57
63
62
55
48
48
53
53
63
62
72
57
57
59
65
67
54
64
73
66
72
65
60
61
56
60
54
63
64
54
60
65
62
53
57
55
49
59
56
53
53
54
62
58
56
56
71
60
66
60
56
51
59
51
51
58
54
61
56
49
60
60
53
56
59
55
55
61
55
64
55
69
61
63
49
54
73
73
69
55
55
51
50
54
69
74
77
65
47
52
64
68
76
57
59
61
59
57
50
67
56
62
68
63
62
55
55
59
55
55
55
52
55
84
59
59
56
62
48
63
57
64
56
61
71
65
65
64
51
58
52
56
54
60
59
59
64
56
64
55
58
64
58
54
56
56
68
56
73
68
50
60
55
57
62
66
68
69
65
57
62
55
59
71
71
63
67
56
68
59
53
57
57
76
68
67
68
57
64
56
56
62
56
53
56
61
53
65
70
71
53
64
69
61
55
60
55
65
63
56
59
58
58
62
57
61
61
76
64
58
61
62
62
68
65
49
50
69
57
69
67
54
60
51
50
55
77
75
61
61
72
54
59
67
59
54
59
65
52
59
60
84
57
54
64
67
67
55
66
56
56
61
63
66
70
62
53
57
61
65
52
59
63
63
62
59
64
76
75
58
68
59
53
61
57
68
57
62
57
61
65
57
69
65
62
58
49
61
68
73
70
67
55
56
54
64
61
57
63
64
56
68
70
65
61
52
55
55
71
71
66
70
60
55
65
68
60
54
66
58
58
51
66
70
64
61
54
55
58
82
82
70
57
71
59
65
57
69
55
51
59
59
53
75
65
56
55
54
54
54
61
65
68
70
63
64
54
72
68
59
65
66
57
58
64
60
55
68
62
54
59
50
54
54
59
58
61
71
61
61
56
63
57
68
53
58
72
59
59
59
61
67
60
61
60
58
58
64
66
62
62
69
61
61
62
58
50
63
73
75
67
53
54
59
62
61
64
54
56
55
63
61
67
67
65
61
63
69
60
74
79
67
64
63
56
60
59
69
80
60
65
50
64
64
60
63
61
58
66
63
63
63
72
70
52
56
65
62
66
59
63
63
66
66
62
60
57
66
57
60
53
60
53
62
50
64
61
61
58
57
58
74
55
50
58
46
56
55
53
77
70
66
66
56
51
58
64
68
68
56
56
58
63
63
63
60
60
58
62
56
62
69
64
55
55
54
61
55
65
67
60
60
56
55
63
58
62
62
55
61
55
55
49
55
52
50
50
53
59
57
58
71
64
76
55
69
73
56
56
51
53
68
56
56
57
64
59
58
66
76
51
59
65
61
64
63
62
62
62
62
60
66
67
61
70
60
56
61
59
53
51
67
74
80
78
68
70
61
72
64
61
68
53
53
63
73
69
63
58
79
51
54
59
65
65
65
65
55
63
66
71
75
63
64
54
62
75
75
75
64
68
56
50
56
55
56
55
79
80
80
57
55
71
76
62
62
62
57
66
66
64
62
56
58
60
61
75
64
68
69
56
62
64
60
73
74
63
74
57
59
64
68
56
73
73
62
61
58
64
64
54
49
54
61
60
80
76
58
60
61
61
64
57
57
58
52
67
69
58
58
56
67
77
50
57
61
69
70
60
