59
212
166
431
353
233
206
186
153
483
554
406
154
463
498
369
295
515
438
152
261
315
180
191
333
369
565
588
565
243
300
266
288
410
403
310
508
216
94
103
154
154
158
300
178
303
641
526
418
584
308
439
503
178
213
199
148
221
278
378
347
516
379
370
214
209
288
297
349
349
312
265
536
200
313
166
148
252
335
341
357
311
687
343
340
142
172
297
286
328
312
614
163
271
195
300
283
278
612
273
241
349
313
139
422
395
344
164
298
359
210
281
379
123
153
365
372
224
401
101
152
273
279
434
283
314
299
186
353
142
354
143
161
211
635
265
279
367
178
304
346
483
282
181
261
266
140
292
174
263
378
272
316
267
184
187
370
494
245
288
411
552
491
422
539
193
261
173
179
317
196
