113
117
314
449
186
212
263
376
409
146
556
78
349
381
382
316
346
197
216
747
353
318
244
439
364
142
138
255
179
296
304
265
375
206
211
112
408
229
212
522
193
729
558
108
154
578
513
392
337
448
440
130
415
296
385
319
239
222
336
439
419
297
289
225
300
582
263
274
194
172
351
181
167
494
387
389
489
377
264
269
180
356
199
421
402
319
124
165
272
315
135
311
164
159
234
307
640
608
127
255
213
153
259
594
390
384
182
193
191
578
317
210
357
362
438
352
516
577
415
222
574
566
207
307
325
233
259
127
300
329
411
652
543
168
294
217
407
499
257
368
251
419
430
169
212
306
190
140
301
306
360
126
79
296
338
549
357
592
350
346
565
308
420
403
331
142
282
532
195
249
302
345
660
223
326
356
284
308
225
267
180
282
295
201
712
275
182
243
318
134
286
267
208
232
590
565
403
165
205
341
296
534
394
221
290
463
