24
99
190
198
130
504
176
114
153
184
159
154
142
107
102
146
256
134
128
315
140
98
190
351
283
124
268
235
249
210
95
134
176
196
87
97
224
266
109
103
121
224
117
162
155
206
285
108
245
133
72
198
132
168
222
294
133
96
163
201
202
161
251
268
171
188
200
212
174
166
158
215
245
139
147
187
152
155
160
155
193
328
217
217
246
229
150
234
298
243
208
130
116
91
198
219
240
260
194
201
221
392
121
84
245
190
225
173
283
196
231
151
91
113
107
208
128
183
218
149
197
141
230
243
281
291
89
201
307
82
125
144
73
99
185
216
179
78
203
152
151
222
128
139
145
219
180
269
196
178
167
181
255
184
131
204
114
294
176
219
135
196
300
110
110
129
218
160
235
151
283
288
227
219
137
99
129
176
198
182
123
94
192
143
119
149
102
127
260
160
248
246
149
191
152
139
105
253
236
114
143
189
202
135
377
182
146
186
219
393
162
166
228
178
254
101
137
72
126
177
133
155
128
217
283
164
89
101
129
217
186
129
127
106
225
213
202
161
162
175
108
121
270
94
99
214
102
118
124
125
132
168
226
267
245
153
121
223
140
215
249
139
317
291
284
214
143
192
195
143
146
120
158
221
226
315
235
115
154
153
155
262
159
68
68
229
150
201
122
126
174
221
117
130
190
185
198
157
119
141
154
