100
135
183
198
148
157
130
86
73
87
65
187
129
195
106
160
225
357
59
122
132
70
69
49
111
248
138
346
84
120
123
95
155
119
154
113
259
140
111
132
57
86
173
189
139
79
78
282
131
155
47
75
98
176
180
106
194
225
83
135
204
208
174
88
124
94
181
119
120
104
84
111
287
247
90
82
94
163
98
131
175
211
282
306
80
88
244
213
155
133
217
115
118
212
135
111
144
217
234
143
245
216
109
124
91
97
169
120
71
41
140
184
170
156
154
90
76
176
110
88
68
378
342
175
184
101
139
211
226
78
92
128
61
181
116
223
199
70
125
317
203
113
281
468
400
99
88
72
65
113
81
87
119
157
99
69
72
112
153
250
75
115
149
141
176
120
123
107
96
291
105
186
146
159
99
296
144
120
144
166
201
117
215
124
77
135
75
32
126
135
134
73
125
100
234
205
225
208
154
139
92
118
162
187
54
67
70
42
128
119
137
174
175
103
147
109
116
143
181
118
90
186
339
155
169
127
164
83
148
191
209
266
229
101
46
132
150
131
111
126
165
154
283
133
117
138
85
59
128
153
146
146
139
60
189
123
116
181
171
121
102
157
199
196
132
315
300
137
87
189
50
158
117
118
73
153
77
463
53
83
104
191
129
74
86
53
109
130
153
137
92
50
153
156
280
93
237
169
108
324
64
89
162
205
200
95
99
80
188
200
169
207
61
113
83
138
223
202
198
326
193
135
153
152
171
183
183
72
178
109
