26
81
116
114
127
132
134
166
142
152
180
152
144
108
91
85
73
87
80
101
112
141
150
106
102
112
109
130
103
105
79
116
112
116
103
135
131
137
113
133
114
106
78
96
131
190
97
101
173
130
136
103
128
106
82
110
115
181
95
142
118
100
124
104
114
116
138
119
157
109
170
113
103
129
155
141
74
109
99
148
131
103
133
100
97
89
120
117
115
127
116
98
101
127
108
88
106
117
115
109
119
109
138
150
130
85
85
151
150
171
140
99
107
101
112
118
101
96
98
115
108
116
143
201
112
120
116
93
114
93
97
129
118
118
94
147
105
120
113
211
102
109
139
168
102
115
139
84
83
90
95
99
87
72
91
85
77
98
102
101
88
104
126
121
132
147
133
94
104
139
93
137
112
112
108
102
134
88
99
107
175
104
148
181
142
151
141
127
147
137
124
120
120
132
99
139
142
144
86
112
127
175
171
140
144
99
135
146
133
144
152
137
95
85
108
147
126
139
142
100
91
109
114
100
88
99
85
133
132
101
161
138
90
120
153
121
147
110
116
124
95
86
98
145
146
113
112
86
120
114
118
131
125
87
71
139
138
176
99
123
78
130
119
81
155
95
128
154
145
157
149
129
134
149
153
152
94
98
119
122
122
88
116
115
111
81
89
123
98
89
87
170
118
158
128
98
123
91
95
92
78
78
80
164
99
97
119
197
126
97
106
147
108
105
105
75
236
180
160
142
145
94
112
130
107
84
141
126
98
98
107
72
79
110
135
98
89
80
85
129
96
157
229
95
86
113
165
155
91
100
98
98
112
138
118
87
89
99
132
167
121
93
111
68
98
81
105
142
106
110
114
119
88
88
84
98
122
93
118
114
95
139
96
92
98
114
154
149
89
126
122
125
123
135
99
83
123
126
153
134
106
93
137
136
102
113
73
83
122
102
85
92
84
85
133
86
143
97
119
129
171
119
102
88
112
79
117
104
114
138
118
101
101
122
129
108
112
103
83
90
90
150
151
117
135
119
151
174
160
109
109
119
125
114
102
78
78
82
94
119
84
145
132
119
87
106
97
75
80
123
112
138
110
110
65
108
88
109
112
134
102
109
99
111
120
145
149
198
142
110
114
122
101
80
148
171
74
157
104
150
157
116
105
103
108
125
111
107
122
80
77
77
117
93
136
109
118
105
127
81
106
111
165
161
118
90
104
137
103
96
119
80
147
78
101
104
126
98
79
110
144
195
171
163
190
167
135
112
90
123
130
84
96
96
119
138
187
69
81
95
121
217
120
102
125
117
101
67
150
119
131
95
77
94
76
104
106
97
89
116
120
103
190
120
71
87
215
106
100
107
102
72
106
138
144
153
128
125
128
110
126
123
156
82
