98
160
138
97
117
117
73
112
104
96
93
92
123
198
167
179
163
194
199
236
160
208
117
139
94
134
148
148
187
257
217
140
104
74
122
180
164
186
222
104
129
140
116
182
244
124
198
332
303
147
151
115
95
142
116
112
221
328
306
218
306
182
163
130
132
80
158
158
174
222
167
158
167
105
91
159
126
151
107
128
141
175
138
129
137
115
133
250
139
149
233
89
200
239
117
158
108
93
212
149
55
152
150
160
164
249
108
124
170
214
171
173
190
120
161
86
91
70
70
119
116
138
111
130
372
123
276
116
196
201
206
203
77
283
181
222
85
167
109
97
92
196
211
120
84
110
178
91
139
156
100
203
110
123
176
112
119
153
153
148
113
196
298
162
137
180
111
152
146
182
222
218
162
128
94
139
94
257
286
102
83
179
189
163
74
163
226
252
280
268
120
79
141
134
130
127
218
89
92
92
142
156
178
91
119
202
217
195
250
302
155
144
135
97
185
169
208
143
91
175
166
162
101
179
168
78
63
140
164
227
193
167
152
129
121
165
164
286
200
108
125
153
185
105
92
94
157
296
166
118
167
148
266
104
173
135
159
162
121
203
126
167
121
309
158
50
118
181
171
149
149
164
239
170
133
83
103
158
161
144
160
97
301
206
106
167
161
181
76
269
258
121
171
150
107
212
145
124
68
102
145
151
139
142
145
90
178
154
116
134
94
233
142
75
102
104
142
220
157
102
110
418
137
118
140
164
69
77
98
108
212
125
138
136
124
183
148
151
135
152
149
145
130
112
178
139
122
161
182
165
120
107
103
84
93
119
127
