152
138
109
93
221
66
95
78
72
77
116
116
146
168
68
100
113
89
45
364
84
84
125
355
75
70
159
177
171
272
246
137
92
138
146
95
142
138
94
99
60
88
76
83
105
84
73
66
64
161
152
182
94
150
90
118
132
72
143
100
70
154
112
127
96
96
158
131
68
80
104
146
88
136
89
116
128
89
83
67
142
130
130
93
253
59
135
172
161
90
90
183
213
190
157
124
268
120
124
75
102
228
246
66
92
135
162
137
180
69
73
144
428
94
100
231
219
134
116
94
88
98
78
182
78
67
86
116
113
224
190
101
169
232
159
256
255
250
247
140
84
174
117
182
148
136
247
131
183
125
131
61
61
120
96
143
147
86
158
187
171
152
41
107
165
252
53
114
116
115
234
102
97
63
134
106
106
68
77
158
231
70
62
172
58
151
113
59
49
108
113
139
121
303
365
200
104
68
128
145
136
102
93
107
85
128
70
164
111
158
100
124
145
142
149
73
212
286
286
187
198
152
138
46
105
92
118
108
90
112
54
75
159
313
130
165
79
174
208
166
221
104
146
70
112
158
236
62
85
257
192
138
97
93
137
164
135
259
210
128
207
102
92
160
146
68
140
172
221
135
131
118
75
82
162
148
86
81
189
65
261
73
53
78
55
99
187
186
116
272
71
88
135
98
42
206
264
89
288
277
160
186
137
59
96
115
85
152
112
226
245
206
155
152
219
115
98
70
202
