57
169
136
128
180
116
166
167
101
171
92
112
139
129
111
141
150
158
260
93
108
190
226
193
118
216
232
200
172
146
181
188
115
149
232
172
188
116
94
218
145
154
235
265
124
183
279
189
204
102
323
166
201
255
151
243
228
124
217
183
262
81
142
153
206
176
182
130
127
104
353
181
202
196
253
240
240
171
250
275
130
120
226
97
101
186
188
149
238
213
247
223
181
178
192
230
245
198
170
179
131
146
212
186
133
195
205
80
230
157
211
147
147
177
231
245
234
349
302
231
97
240
231
88
104
159
268
212
199
161
131
219
160
299
280
228
225
243
102
253
184
86
74
98
111
103
71
126
232
137
144
208
183
282
276
209
172
172
122
195
214
292
236
192
141
169
239
184
191
181
217
175
247
349
269
229
145
185
105
166
95
140
109
128
164
179
71
109
233
257
227
168
298
317
146
125
137
131
151
96
126
192
256
188
204
127
124
132
223
326
231
82
151
121
164
249
124
194
257
152
201
156
137
241
97
143
126
60
174
197
163
153
204
202
213
198
102
146
172
109
217
230
154
121
171
173
117
235
171
162
177
124
100
222
233
265
208
121
151
134
262
237
156
228
218
175
145
166
196
129
187
122
264
136
185
213
150
152
164
155
120
135
115
157
219
172
88
84
197
97
123
167
286
312
180
266
195
103
96
106
162
168
131
183
171
169
136
262
235
257
240
166
241
236
256
196
267
121
