128
177
98
198
226
75
121
54
114
196
219
112
190
65
107
99
89
130
236
105
109
185
167
146
206
152
182
118
261
118
215
229
75
95
193
111
83
152
80
96
196
179
176
218
208
239
235
76
81
77
109
147
96
152
127
226
111
187
208
114
218
143
255
199
200
192
56
81
312
103
119
151
143
95
110
91
137
78
92
130
127
187
123
97
91
188
172
169
52
133
213
94
128
178
155
295
290
205
202
69
241
170
157
120
453
109
137
115
141
89
129
95
188
84
82
216
85
129
324
157
116
198
172
264
273
197
232
160
156
154
143
244
156
172
220
199
187
179
153
75
132
153
155
110
135
264
93
206
192
220
57
99
339
285
181
147
115
188
126
91
168
163
97
189
299
95
92
104
119
87
77
136
137
73
170
288
87
132
80
119
127
184
116
124
185
336
160
192
126
133
316
105
207
209
148
194
133
164
231
186
156
158
127
147
182
241
133
149
103
81
165
110
279
293
141
209
211
156
183
163
215
307
175
147
70
98
99
183
77
116
116
98
148
87
196
342
156
170
162
131
193
169
77
161
140
129
239
77
123
127
163
100
143
135
199
216
198
61
140
111
199
95
95
134
136
176
198
131
119
105
268
154
131
257
114
241
84
124
123
97
228
97
205
101
155
125
70
80
83
113
72
134
112
107
323
275
96
94
116
156
128
147
99
135
170
237
108
100
113
238
117
108
94
138
66
181
218
272
122
264
145
172
218
160
186
181
156
101
125
121
70
