409
168
215
194
563
435
387
343
337
360
315
206
212
402
279
329
255
336
200
238
122
236
577
307
203
350
305
226
257
328
429
237
163
163
187
375
223
195
207
169
158
320
333
565
376
366
374
171
190
311
385
506
227
175
173
610
315
188
98
219
441
273
326
406
674
166
317
328
293
159
211
145
432
300
146
357
311
250
408
227
249
256
438
179
364
230
249
325
178
188
256
566
465
115
529
233
247
398
383
215
153
279
232
382
353
162
201
275
255
138
314
331
171
454
702
362
539
459
260
488
555
92
194
236
143
369
322
188
228
372
284
309
307
339
318
316
465
372
234
165
423
230
212
158
497
169
227
361
743
748
326
295
199
377
243
527
765
283
346
438
486
256
376
430
294
167
