150
173
108
123
98
149
87
132
126
147
127
81
130
163
97
161
131
136
146
138
89
194
172
195
136
158
133
263
92
86
225
124
172
172
91
153
135
135
87
110
88
62
156
174
152
102
190
178
153
204
191
82
86
227
160
115
150
138
116
152
134
256
286
292
269
127
147
90
90
100
77
80
75
67
67
140
120
120
176
252
118
150
135
158
84
99
112
210
203
100
206
220
163
72
183
189
159
148
111
138
123
118
61
245
107
62
200
169
204
161
104
114
138
174
77
53
71
101
82
79
129
102
155
151
130
208
247
165
211
205
132
108
132
190
339
276
113
173
159
180
72
93
120
167
145
96
113
144
161
317
95
116
186
189
115
111
231
148
142
71
184
92
81
190
193
181
105
129
182
160
127
133
61
131
139
81
98
203
184
105
189
100
122
117
148
96
96
92
69
203
189
233
242
159
113
110
112
224
138
127
167
192
165
60
87
87
83
150
175
127
161
183
144
150
96
206
106
105
138
184
127
121
152
148
124
166
103
267
190
89
89
238
217
232
87
112
217
294
126
105
104
256
84
155
115
285
228
171
169
95
95
56
217
166
90
132
156
134
214
226
101
102
64
139
204
101
146
195
131
203
124
156
277
164
152
145
132
260
148
114
96
165
108
136
124
143
111
143
205
114
187
136
132
250
197
64
170
163
170
97
96
148
157
113
150
110
178
131
213
210
217
120
175
153
108
207
96
150
118
171
194
108
154
159
115
116
198
151
233
279
224
178
130
65
234
209
120
117
195
188
73
205
115
191
128
134
87
139
182
192
134
169
176
176
166
106
180
150
120
123
172
151
119
125
75
78
120
125
