18
32
32
53
50
52
57
53
47
51
52
55
54
57
57
65
65
59
50
50
62
54
50
62
53
57
61
54
50
67
60
60
56
41
53
58
52
60
56
50
45
53
56
49
49
47
46
65
65
55
45
61
54
54
52
54
49
52
56
47
65
57
54
47
63
50
50
50
52
54
50
67
48
43
43
48
42
47
47
44
58
52
68
61
61
59
54
48
51
51
53
51
47
43
54
58
72
50
55
46
54
55
55
50
50
48
43
43
43
49
48
50
48
54
60
45
49
50
50
43
56
57
56
51
50
52
46
55
55
50
50
44
47
49
46
59
44
41
54
61
67
59
48
57
66
60
65
56
56
54
56
56
44
49
49
49
56
56
56
56
52
58
50
44
51
51
46
61
64
60
44
44
60
64
68
61
50
50
57
52
56
45
51
51
49
57
57
59
49
65
50
49
43
47
59
54
52
49
52
50
50
50
56
49
78
54
45
44
54
51
46
44
52
45
51
55
59
53
53
53
57
48
56
55
54
54
54
49
45
56
56
56
54
56
52
50
44
51
53
53
61
51
44
45
51
52
44
50
62
51
47
47
51
50
61
60
51
51
52
53
52
60
51
52
47
50
53
46
49
54
46
52
52
49
53
54
42
58
51
51
51
47
63
58
56
52
52
46
49
44
59
60
64
48
59
50
47
48
44
50
50
57
56
58
59
56
57
52
50
54
53
53
63
58
48
56
56
55
51
53
47
48
48
66
58
70
53
59
51
52
55
71
67
56
58
66
62
47
63
58
56
62
56
55
56
48
45
45
45
54
48
52
54
45
43
43
55
49
59
49
42
53
50
55
63
57
57
57
51
50
48
50
61
54
51
62
63
54
48
53
43
50
50
47
49
45
61
55
47
49
48
56
48
51
53
54
51
52
56
65
50
55
54
53
62
45
44
52
50
50
54
53
48
50
59
42
43
44
48
50
53
53
53
60
50
58
60
50
56
58
50
44
44
50
69
49
54
51
48
49
59
70
54
46
54
55
55
50
51
41
48
44
49
50
44
57
55
57
56
54
52
49
46
46
45
46
53
59
42
42
45
50
50
42
48
53
53
50
50
44
50
59
59
53
49
44
48
48
44
44
51
50
51
56
51
60
60
60
50
50
67
61
57
54
49
50
56
49
44
57
50
64
55
48
62
56
54
58
50
44
60
56
51
45
48
51
55
53
43
43
46
47
49
51
49
49
52
53
49
48
44
55
49
49
56
50
49
44
51
51
68
50
52
49
59
65
56
55
55
54
57
50
50
66
65
44
71
48
63
57
47
58
54
53
67
49
49
49
59
48
51
50
50
52
56
56
59
59
47
60
72
67
67
52
51
42
43
45
42
46
47
47
57
57
48
69
57
45
51
51
44
44
42
42
47
49
49
45
45
45
50
53
53
50
55
55
53
55
55
57
43
61
68
61
56
44
60
43
46
52
63
51
54
53
63
58
50
50
49
64
64
54
57
50
49
60
53
53
45
44
47
48
45
47
48
48
54
47
52
69
51
49
49
49
53
59
59
58
49
48
63
63
55
66
61
62
59
53
52
57
62
62
60
48
48
48
52
53
61
50
50
46
50
61
55
50
51
51
48
45
44
53
65
55
51
51
57
57
47
48
50
51
49
57
45
44
50
49
46
44
50
61
50
66
61
52
56
50
67
63
49
49
61
45
44
53
52
46
52
49
48
48
44
50
45
48
51
47
59
63
54
63
45
44
51
44
48
57
46
48
46
46
48
42
49
49
57
47
69
61
57
51
63
60
61
54
49
62
58
52
58
64
63
59
60
50
57
54
54
54
53
59
60
50
59
53
50
65
60
50
50
50
50
45
51
51
46
50
56
56
56
60
50
50
51
51
43
43
50
49
54
51
59
42
44
56
57
54
53
50
58
56
50
57
62
58
67
44
55
58
50
40
40
56
49
49
55
45
43
57
53
49
49
50
55
52
58
59
50
66
54
52
53
55
45
56
55
57
52
48
62
57
50
61
54
67
54
57
55
49
44
54
46
65
44
52
60
54
50
47
59
57
59
69
51
44
44
49
58
72
68
55
50
44
46
54
55
50
51
50
51
49
51
56
54
56
56
44
53
72
67
61
52
48
56
57
74
56
54
62
50
50
50
48
44
61
61
55
55
47
55
58
49
45
47
49
66
56
59
49
58
60
48
50
64
51
51
45
57
57
42
43
42
47
54
58
59
49
52
46
56
49
57
62
47
50
48
52
48
65
65
61
65
73
47
49
58
49
57
51
64
63
43
43
61
68
45
54
54
52
53
53
50
52
49
44
44
50
42
51
60
60
57
56
58
52
49
53
51
56
56
57
52
54
57
52
74
44
49
73
73
64
50
62
62
65
57
56
49
49
58
47
58
60
61
56
46
50
57
57
57
53
53
50
70
57
78
56
57
51
50
50
50
70
46
49
56
53
60
50
44
58
56
