183
346
380
197
377
379
178
279
408
268
220
372
375
87
308
129
165
352
421
511
302
134
63
182
175
643
252
202
288
343
145
427
482
262
611
264
195
185
150
261
250
161
186
231
425
541
209
307
135
200
269
257
323
240
335
328
209
783
303
124
190
219
194
329
204
94
272
154
120
368
235
379
327
328
393
386
408
539
518
133
146
201
476
65
154
236
292
398
573
208
251
269
243
271
358
259
452
435
272
335
706
235
488
332
365
263
617
310
494
206
679
151
378
352
410
363
230
255
257
188
188
105
307
277
304
105
271
602
170
436
410
334
310
245
423
423
205
218
203
271
490
611
97
192
256
266
253
332
152
239
210
329
306
160
605
632
426
484
158
219
239
374
138
387
309
648
217
196
389
257
228
257
195
207
142
