280
202
134
148
147
151
379
257
136
132
175
277
233
244
235
240
227
170
169
214
262
204
168
262
74
249
311
341
499
540
103
181
327
362
180
209
331
311
431
126
88
285
248
196
242
181
242
179
299
469
265
421
208
126
316
239
129
244
267
202
250
143
286
193
361
174
263
269
187
149
228
171
346
348
248
349
182
195
398
154
348
295
279
194
176
268
336
404
251
302
352
352
366
193
196
246
267
350
216
219
304
160
292
272
230
299
343
163
160
211
326
221
177
325
176
256
182
236
300
266
516
285
651
174
167
378
236
288
158
157
149
259
272
311
321
279
377
265
134
141
130
369
185
165
140
162
186
213
185
190
276
423
231
268
163
444
206
306
228
382
191
119
329
191
319
254
342
303
154
238
507
196
180
182
212
316
183
162
189
187
266
341
390
243
251
140
298
382
264
163
117
146
413
370
137
298
213
288
342
374
246
237
260
354
517
243
236
