40
39
37
42
45
35
44
33
53
39
14
12
17
14
45
45
43
65
40
51
45
44
45
68
72
42
38
34
31
35
40
43
50
64
51
50
39
38
52
41
43
35
30
28
22
21
20
29
50
51
44
42
49
44
39
38
37
36
27
26
21
22
21
15
18
16
27
22
16
12
12
16
13
14
24
21
12
16
22
25
35
37
63
62
65
34
28
27
22
18
19
17
16
14
27
29
19
20
14
14
15
16
14
15
13
33
31
20
14
13
15
13
16
16
24
24
21
49
50
49
51
50
36
40
21
20
19
34
26
24
22
23
23
30
38
37
27
19
25
23
17
20
19
27
27
32
27
32
31
33
43
42
56
42
48
35
34
33
34
37
53
47
37
34
32
32
29
23
22
29
32
20
16
24
37
38
28
20
16
21
15
14
48
38
37
36
39
45
52
50
37
36
32
39
42
40
31
23
21
25
23
21
22
13
12
14
17
31
28
21
25
27
16
36
60
39
38
35
45
44
31
31
24
14
15
18
26
25
30
27
26
21
14
29
29
27
25
23
20
26
19
16
15
19
16
17
40
37
37
24
14
14
16
16
27
30
28
24
36
35
19
40
35
33
30
28
45
62
35
34
36
33
32
31
22
31
48
39
31
33
29
27
27
26
29
28
26
35
32
34
16
22
20
46
44
30
54
38
42
39
15
13
17
16
18
14
24
40
39
38
43
41
52
43
51
48
62
39
35
36
27
24
22
18
22
33
37
21
14
16
39
24
29
27
24
23
14
16
28
26
29
23
22
23
18
13
15
20
16
15
20
57
40
37
37
32
45
35
37
48
40
42
36
41
36
35
34
33
48
28
30
30
26
23
13
24
28
26
29
17
45
39
35
39
34
36
40
38
42
54
53
32
27
22
35
26
27
45
36
33
26
32
35
32
47
34
28
25
24
22
22
21
19
26
23
16
34
25
27
30
26
44
51
39
34
38
35
38
39
39
35
33
36
35
30
33
28
32
29
28
28
31
30
23
24
30
18
21
17
20
19
28
19
29
26
40
51
65
65
40
36
45
42
35
32
30
38
42
43
42
43
41
41
35
39
38
33
32
32
32
34
38
38
33
30
32
30
35
34
33
28
22
15
25
22
40
37
35
38
35
28
20
43
40
35
32
29
40
32
41
67
39
36
44
35
35
33
27
23
20
15
13
16
15
14
13
14
18
14
20
32
34
53
40
45
43
40
42
40
44
43
35
30
22
22
22
64
33
31
28
23
34
34
44
26
29
28
29
54
53
38
37
29
24
34
26
52
40
34
82
46
38
35
34
32
29
41
33
30
26
37
39
32
23
31
20
17
16
14
15
14
14
21
19
17
16
13
27
26
24
31
30
30
26
23
22
25
40
42
38
43
42
42
41
40
38
54
39
65
44
40
57
40
21
24
18
17
18
23
20
17
43
33
32
20
23
23
34
28
23
23
15
22
20
26
28
37
31
14
21
34
31
26
31
43
35
34
38
67
53
63
47
37
42
42
41
40
38
34
44
45
49
45
39
36
33
41
40
32
36
28
25
24
23
39
34
30
29
22
31
30
28
34
37
36
57
48
42
41
29
38
40
19
34
34
33
38
41
20
38
42
40
34
34
35
35
32
24
29
28
25
14
31
37
36
50
44
48
74
36
35
33
37
34
41
40
33
33
53
53
62
63
35
31
30
34
26
26
39
33
34
34
37
34
34
35
34
35
40
39
38
34
27
25
19
18
33
30
48
42
57
37
36
36
35
32
27
51
43
55
46
42
42
41
41
44
48
43
33
31
44
35
50
44
40
28
24
21
20
30
36
30
27
16
23
58
38
43
47
43
44
35
35
30
53
50
47
42
40
36
32
25
29
31
29
45
42
38
40
35
34
33
46
53
52
42
34
27
26
30
21
32
61
35
31
33
30
49
40
40
27
31
37
47
43
46
41
34
35
28
27
26
23
23
22
19
22
17
17
15
35
33
36
36
35
22
37
37
38
35
33
34
28
27
24
23
20
39
38
31
28
29
22
35
31
29
27
24
45
41
40
55
34
33
33
35
34
37
29
53
48
41
36
38
45
64
36
38
38
38
49
38
34
33
37
37
33
48
41
30
32
32
58
41
39
40
38
44
48
50
39
38
61
61
51
43
46
46
46
43
54
48
47
44
44
37
36
30
26
80
37
40
36
36
38
39
38
34
35
33
54
31
33
24
24
22
19
18
18
61
54
50
35
39
43
44
78
53
44
43
36
31
29
24
18
18
16
14
14
41
44
40
37
36
30
52
63
40
37
36
35
24
27
28
43
46
45
36
34
34
32
43
37
38
43
43
39
29
30
27
25
29
27
25
24
20
26
36
47
51
42
57
43
23
40
48
61
42
38
38
45
33
49
37
27
26
20
27
33
31
25
17
19
24
15
20
37
36
34
81
80
56
31
34
43
31
57
38
34
43
41
39
76
38
23
23
34
27
30
28
32
32
29
28
21
17
16
25
21
32
22
38
53
46
45
42
35
52
39
43
44
61
46
42
42
32
37
24
28
24
24
12
20
18
12
20
69
34
42
35
34
32
25
22
39
34
36
27
23
21
19
18
17
17
46
34
30
20
18
17
12
17
35
32
37
35
33
32
31
28
22
23
24
15
16
23
31
29
27
29
33
34
36
34
25
30
48
45
35
65
35
34
33
30
29
41
37
37
36
42
36
42
41
39
45
44
52
39
41
43
34
40
39
39
38
35
33
30
25
17
12
19
17
16
14
40
47
34
28
17
18
15
18
15
12
18
29
23
23
21
24
34
26
27
36
29
29
27
29
24
28
25
24
25
20
21
38
38
45
37
36
32
31
24
20
20
23
22
16
45
49
46
