169
266
351
341
393
422
95
280
369
204
306
146
195
135
111
286
241
649
448
172
140
157
223
561
617
282
256
208
179
330
214
316
294
372
436
259
416
582
195
225
104
143
159
323
527
175
315
206
307
190
351
420
453
410
314
656
216
314
264
83
341
464
494
335
347
317
194
186
389
254
511
439
239
681
120
203
237
234
464
270
471
223
272
129
654
209
253
215
356
292
327
269
90
290
170
662
477
551
224
329
343
224
341
171
289
183
383
341
246
300
265
110
117
348
356
110
110
253
352
194
223
225
203
267
337
202
370
376
499
255
288
585
617
379
523
317
234
272
249
466
587
438
252
703
459
201
355
337
208
298
408
98
298
