83
125
167
158
182
151
108
121
139
193
126
165
203
72
129
152
164
106
104
135
202
166
132
115
164
181
119
176
140
140
73
272
219
148
114
147
136
126
175
112
133
235
290
192
121
85
133
92
124
142
115
247
121
162
322
221
226
154
184
173
209
214
157
206
203
154
147
106
181
125
152
220
160
122
171
246
131
145
215
81
164
78
82
135
235
148
195
166
176
57
191
196
145
107
140
166
124
108
166
63
131
232
145
183
131
87
111
156
54
85
162
159
133
139
196
187
208
133
134
204
109
164
99
65
97
135
137
162
206
106
324
163
292
233
228
218
230
223
129
139
157
192
120
75
79
170
106
63
87
142
208
91
152
177
201
112
173
176
177
238
152
88
394
127
103
201
194
180
174
163
163
228
192
163
157
136
167
63
114
237
147
178
162
148
189
204
179
146
207
118
130
115
122
204
215
213
87
105
230
247
168
102
160
198
293
201
178
90
160
301
199
286
177
218
215
143
245
107
231
166
164
135
139
188
114
166
66
171
119
209
147
122
183
143
189
134
318
270
86
153
145
198
108
143
152
191
124
170
143
260
146
209
296
372
198
151
224
171
124
125
201
208
168
130
208
184
131
149
135
142
159
176
80
149
159
167
121
142
317
130
109
181
125
144
128
178
197
186
159
255
241
182
121
136
158
207
121
112
160
108
110
154
155
120
119
139
128
147
149
99
106
173
92
110
127
133
219
230
109
92
93
235
195
160
173
175
90
154
219
143
161
172
160
183
139
187
174
246
125
138
205
141
106
167
187
163
137
151
126
211
142
185
141
196
116
108
