46
45
45
43
41
39
30
29
33
53
52
49
48
48
44
37
54
48
40
37
33
36
31
40
39
40
63
43
34
26
33
37
32
27
27
26
31
23
21
18
49
53
52
49
47
46
60
47
52
50
48
47
48
75
52
57
50
49
40
53
49
44
39
46
52
58
58
44
43
35
58
57
30
58
57
49
44
53
52
50
49
42
34
30
34
26
21
19
28
26
26
22
26
35
30
29
21
20
24
19
27
33
32
26
23
22
21
18
20
27
25
23
31
34
59
41
36
34
41
38
24
22
22
27
26
22
35
36
22
21
19
32
30
22
19
22
21
27
20
29
26
42
64
47
47
34
28
22
20
37
38
37
36
44
35
34
28
22
32
22
33
31
36
35
44
39
49
44
50
52
55
50
47
42
40
47
48
56
34
40
39
35
33
29
23
30
29
42
40
45
31
20
32
25
23
55
41
42
57
41
55
43
36
50
49
46
43
40
29
37
27
26
29
22
41
29
32
31
31
28
28
26
35
29
34
48
39
33
32
34
26
23
18
22
22
34
41
35
32
29
47
31
28
19
40
26
28
33
54
41
40
39
34
25
34
33
26
24
20
27
25
21
43
44
24
18
20
49
42
44
42
39
38
37
40
38
36
31
26
41
40
35
36
37
36
35
33
32
28
22
19
29
45
44
43
38
38
34
39
36
33
32
38
39
28
50
41
25
24
22
29
30
39
57
40
62
42
44
30
24
29
41
44
52
62
69
69
63
42
49
35
31
33
32
25
38
40
32
30
25
23
21
37
32
25
22
21
19
22
37
35
31
29
21
33
35
31
24
20
21
27
23
21
20
27
43
44
36
35
31
44
53
53
56
53
49
45
45
47
51
44
41
51
39
41
56
33
32
32
36
36
33
30
26
24
27
35
29
48
43
45
43
43
41
42
53
44
41
43
61
48
43
51
45
41
39
26
38
37
52
51
36
30
33
37
43
32
39
38
40
51
53
47
46
37
36
27
26
25
21
22
19
38
41
37
45
43
39
33
61
59
43
41
45
48
49
46
44
42
39
38
39
37
36
19
25
32
43
33
29
25
20
25
30
27
30
23
21
21
40
39
38
29
30
39
38
59
43
42
45
43
46
43
48
51
51
79
39
44
50
51
52
43
42
41
36
65
41
37
45
47
36
35
34
36
30
32
30
27
19
28
42
43
40
48
52
58
72
71
50
45
31
37
31
35
30
32
29
22
27
22
23
23
22
30
37
36
56
54
60
69
71
71
61
49
47
52
50
42
38
35
34
34
30
28
49
41
43
41
47
46
41
32
31
41
36
52
32
31
41
39
46
37
31
32
59
49
41
46
39
38
32
38
35
63
45
39
28
43
41
46
33
34
32
29
28
31
22
22
21
26
24
26
35
33
44
39
47
46
65
46
49
47
62
47
50
49
76
46
47
45
49
51
47
38
29
21
24
23
25
23
20
43
36
32
31
26
24
26
24
50
44
32
23
18
29
27
34
28
26
35
41
42
41
35
34
51
47
42
48
43
40
44
46
46
61
75
74
50
43
51
46
39
49
32
40
49
40
47
79
65
48
38
29
27
33
41
40
42
27
28
24
31
39
38
42
44
52
49
48
45
48
40
51
50
41
33
38
39
35
25
21
25
24
43
42
40
42
46
42
41
27
26
45
49
49
42
44
43
42
32
29
33
31
27
41
44
61
55
45
53
60
73
46
71
44
38
35
40
39
45
44
41
41
59
42
49
48
54
73
71
58
61
57
49
58
43
40
45
38
35
45
40
41
44
37
51
43
38
43
46
44
42
42
47
50
46
36
22
40
32
38
37
52
56
53
52
64
53
56
47
59
55
49
61
52
83
85
45
41
41
43
56
44
43
42
41
44
52
44
26
36
41
35
29
21
20
29
32
29
35
43
42
66
63
52
50
46
50
43
46
50
47
48
42
48
44
38
40
37
33
32
33
31
28
27
36
36
34
40
50
48
49
40
53
76
49
48
70
41
28
40
45
44
42
35
47
51
55
54
53
58
44
46
26
26
29
32
30
22
21
47
43
29
28
42
38
42
43
44
46
47
44
40
41
40
34
31
27
25
46
35
40
43
42
31
20
51
42
47
45
35
33
39
36
43
63
74
65
43
42
44
44
45
40
40
42
40
54
51
35
39
40
42
53
58
42
40
69
68
67
51
45
53
38
37
39
53
44
45
42
41
36
57
40
32
36
54
55
42
60
52
41
52
51
37
37
40
71
53
65
41
35
37
39
25
21
35
49
57
46
45
43
51
46
42
43
39
58
51
50
44
37
34
28
37
26
22
30
43
45
53
48
42
43
59
33
32
37
34
30
28
48
44
39
27
46
55
54
45
63
77
74
31
26
54
65
47
45
48
46
44
57
61
56
55
52
48
47
41
38
32
28
27
54
60
39
38
40
66
48
44
30
26
32
32
25
24
33
30
42
41
45
44
41
40
49
47
35
48
54
51
53
49
84
76
33
45
30
36
45
30
28
22
22
20
18
38
36
36
44
50
52
50
60
49
50
51
56
54
51
38
38
31
30
29
31
28
25
18
21
44
42
50
51
42
38
42
42
36
45
43
60
51
49
42
34
26
19
22
19
21
48
45
44
24
20
21
34
42
42
48
34
31
33
27
24
22
21
43
37
36
33
31
32
34
33
32
29
33
49
48
53
40
45
51
39
48
52
49
43
49
46
42
52
54
49
45
47
42
63
28
22
18
24
27
26
20
21
22
20
20
29
23
24
40
37
35
35
34
32
41
40
38
33
34
34
40
32
44
41
37
33
32
32
25
30
49
56
53
50
44
37
54
42
34
32
29
22
