195
315
146
160
140
252
280
266
536
460
315
322
74
649
414
364
342
264
341
287
383
287
244
348
316
436
371
329
156
254
169
162
187
187
204
224
484
185
192
112
268
251
163
305
176
210
218
546
467
281
632
203
478
464
245
315
419
249
117
164
172
217
190
136
171
320
380
416
284
247
374
295
194
235
193
187
457
187
206
273
182
372
445
320
500
417
375
325
182
251
294
490
504
177
356
468
627
525
298
310
352
425
636
634
286
498
338
243
330
387
380
338
391
207
513
131
185
101
330
361
277
204
204
142
387
501
178
601
624
536
218
266
344
499
157
565
232
228
285
330
202
267
397
418
192
140
255
226
204
144
335
216
128
338
280
160
233
283
284
485
200
132
866
198
156
320
310
298
279
