224
176
160
298
421
159
327
222
118
205
267
244
232
229
335
342
142
117
282
254
85
355
299
148
116
234
179
305
154
288
546
312
156
205
171
99
98
272
284
216
203
175
247
509
182
151
61
205
180
177
225
513
374
341
355
340
569
246
195
144
47
147
156
165
160
147
124
171
139
79
353
65
376
181
138
117
292
164
88
185
274
100
219
193
173
283
161
84
288
643
118
438
350
306
466
276
215
160
237
237
175
483
221
130
448
286
158
175
402
215
361
574
599
130
400
200
372
319
242
366
287
261
307
322
385
302
302
109
203
307
225
178
235
111
110
369
261
263
176
131
431
394
208
201
173
173
119
154
319
209
185
185
413
84
482
151
440
343
255
236
236
155
434
199
198
224
180
98
162
322
282
305
220
231
253
266
206
532
227
174
131
155
154
372
325
71
116
856
819
209
46
139
182
76
75
331
254
460
413
455
291
313
