95
158
269
117
208
205
158
265
230
207
104
234
126
203
160
222
213
251
147
222
149
293
378
395
468
209
173
154
150
261
154
454
365
96
311
206
217
210
211
128
241
118
119
175
262
238
105
286
175
343
377
62
61
459
435
74
217
209
144
193
179
211
159
159
168
170
108
193
487
151
262
194
140
158
81
210
246
396
135
326
243
324
436
306
204
192
164
162
330
442
92
57
235
129
237
149
149
324
329
312
282
134
96
183
301
165
170
211
270
240
106
254
275
198
114
288
130
177
85
115
371
198
163
150
306
365
138
138
215
189
371
215
209
156
165
92
91
67
230
254
248
210
240
117
144
408
311
66
147
167
167
208
56
61
61
238
85
70
157
316
255
328
333
75
148
371
180
305
418
73
207
208
396
205
307
324
367
330
119
185
195
140
242
213
139
163
271
163
151
175
410
254
244
191
144
238
356
295
268
280
335
155
151
482
163
158
172
104
194
185
103
157
121
342
282
230
122
291
164
243
129
167
208
130
64
244
284
173
243
213
369
240
263
192
