67
148
185
125
140
81
162
136
116
102
69
90
378
296
73
51
68
268
148
422
95
204
392
361
114
98
228
271
279
165
233
87
198
151
158
167
133
164
173
137
83
130
106
102
62
66
176
108
39
106
84
242
238
136
189
156
117
180
92
71
126
144
140
59
99
198
121
204
195
185
104
114
109
157
119
148
311
255
112
217
304
213
214
117
154
38
177
291
219
117
110
133
101
90
143
105
255
121
49
89
42
115
131
329
323
342
401
115
172
206
185
106
80
109
144
122
192
188
246
116
106
99
135
137
119
168
144
142
110
202
150
139
127
120
124
276
138
169
154
169
216
218
264
142
123
137
174
119
129
206
188
293
66
125
165
210
274
184
106
74
127
114
272
218
159
143
145
195
66
100
327
277
80
123
104
120
126
152
101
59
86
251
324
149
71
81
93
91
153
212
185
148
144
183
120
112
74
244
167
114
65
124
122
63
134
91
201
176
87
59
90
158
173
127
146
99
98
102
161
116
68
169
76
294
161
90
204
118
145
173
110
198
87
187
222
128
302
61
72
88
176
81
101
44
117
111
82
127
80
109
87
52
321
131
158
153
210
189
136
99
282
89
91
89
71
166
120
106
68
159
193
78
145
69
78
110
142
83
178
89
127
57
224
142
78
124
177
116
164
74
108
185
206
97
136
161
187
186
189
151
139
175
79
58
82
361
226
63
130
144
72
98
138
190
193
108
79
231
144
208
171
93
114
257
271
262
122
132
54
364
122
191
261
115
203
161
194
108
130
136
95
223
222
210
267
209
84
171
72
127
