196
142
64
259
163
254
233
225
172
478
446
195
203
167
168
112
107
70
165
159
130
161
205
186
210
68
172
235
253
173
169
267
247
221
208
76
274
116
253
162
256
147
106
307
136
259
246
172
170
352
226
226
203
165
191
191
254
367
57
56
162
145
252
151
205
66
164
276
246
221
77
236
217
247
325
322
241
239
197
99
66
152
198
154
122
163
174
310
261
49
243
175
395
365
321
171
145
239
141
369
250
219
201
361
353
215
298
273
212
148
334
326
116
116
116
136
101
146
204
172
118
103
81
268
360
142
340
188
212
159
363
325
156
300
337
206
308
306
161
199
226
149
126
272
339
175
76
74
135
283
111
112
202
439
223
156
153
217
180
175
312
99
175
272
179
184
363
172
527
309
221
256
198
155
272
160
130
114
336
268
257
188
274
226
335
295
170
138
162
156
187
134
194
194
193
175
171
148
150
320
175
175
278
300
127
291
207
124
228
237
200
178
105
330
292
142
188
509
214
263
336
