264
143
269
418
243
235
358
402
239
509
199
107
323
152
356
216
108
175
374
374
264
244
294
269
270
227
288
254
315
258
346
243
201
134
226
239
253
291
189
447
337
280
282
294
110
188
185
142
384
253
272
305
254
225
162
239
226
186
363
221
213
300
187
474
251
281
250
306
246
264
90
213
278
245
233
204
324
242
313
188
188
201
180
197
236
211
179
256
466
312
211
302
267
341
138
282
154
165
113
296
309
330
232
237
304
198
169
211
322
286
102
379
267
168
127
198
350
647
210
221
197
282
163
381
318
179
358
283
121
203
218
217
309
300
338
285
312
92
114
244
209
295
437
301
127
320
312
234
64
165
317
277
250
182
218
222
273
166
272
267
295
546
547
578
225
322
222
295
242
401
191
133
156
173
284
314
393
236
261
236
347
345
206
168
183
413
230
250
211
107
275
215
189
310
415
337
322
406
127
123
334
143
129
212
361
179
229
189
231
333
236
300
149
199
512
456
