244
283
225
122
416
257
159
201
219
123
97
357
347
500
96
198
164
223
231
277
179
219
433
165
121
222
431
331
290
282
361
393
350
355
173
226
360
298
119
207
197
164
300
124
655
172
202
252
151
264
143
201
178
117
160
210
199
210
189
232
376
321
202
215
434
317
384
214
430
172
199
252
490
225
366
268
299
266
198
263
205
290
276
230
233
230
256
261
261
161
190
294
163
306
226
310
168
144
189
210
263
176
170
203
333
182
350
213
353
238
346
284
242
233
235
340
328
269
135
85
76
360
267
148
409
370
303
189
291
258
288
271
282
237
168
155
265
213
233
250
155
318
390
198
258
109
459
376
266
269
423
148
211
428
377
338
309
197
118
237
137
117
175
143
199
417
274
423
355
243
254
338
120
175
129
139
427
179
216
157
295
237
143
259
413
368
282
244
245
236
466
312
189
344
245
289
451
