10
23
38
38
41
54
42
54
34
32
31
45
42
47
49
40
41
45
44
41
39
42
46
57
49
41
44
48
52
56
50
43
52
43
48
40
39
35
50
39
36
45
53
50
48
43
44
41
40
43
35
40
45
36
40
34
53
52
36
41
36
32
44
44
50
50
41
45
46
45
36
43
46
48
34
47
38
39
47
42
41
36
41
58
46
43
36
37
36
54
37
40
35
34
49
38
46
44
38
43
39
45
35
52
51
35
34
37
43
34
48
42
50
35
42
38
46
43
36
35
40
48
45
45
38
48
44
34
47
40
48
36
40
53
41
38
42
42
36
35
36
35
41
42
40
50
36
35
36
47
41
42
52
47
37
41
50
46
41
40
38
37
37
37
42
58
48
46
43
43
38
36
41
46
48
42
36
42
48
42
53
36
42
46
42
36
46
50
52
43
41
41
35
35
48
42
41
54
35
43
40
39
41
44
38
37
41
42
36
62
54
42
41
36
36
44
35
35
41
45
40
44
32
40
41
51
48
46
46
42
37
51
46
46
43
42
44
41
45
49
54
37
46
47
49
41
43
40
41
40
43
39
40
35
45
45
42
43
40
48
47
47
47
46
46
41
42
42
47
39
39
37
36
50
46
44
44
43
42
41
42
42
38
36
41
44
40
37
43
37
37
41
35
41
54
48
43
38
40
40
50
41
36
43
50
49
42
47
47
34
40
49
38
39
46
43
41
36
43
45
45
45
45
46
34
39
40
45
42
46
47
46
50
52
41
40
50
44
42
41
42
58
39
55
36
50
51
48
47
42
42
41
43
45
41
50
49
47
41
36
43
33
36
35
42
36
38
37
41
36
41
32
36
38
41
47
51
41
43
36
35
35
42
41
43
43
41
40
42
36
43
47
37
51
51
44
45
36
45
36
44
58
40
45
41
36
41
36
42
37
40
38
47
40
40
43
48
40
36
42
37
47
44
36
36
36
36
54
55
45
36
38
39
36
36
39
35
35
43
42
34
35
46
46
35
52
48
52
41
36
51
50
50
47
40
40
35
52
43
43
47
38
37
39
47
50
41
42
34
36
35
34
36
38
35
41
48
46
36
41
36
37
37
38
39
37
36
34
37
32
31
42
44
37
49
35
34
47
43
43
36
40
34
50
45
45
40
40
36
44
36
46
38
34
39
51
42
41
37
41
43
48
46
40
47
35
42
43
43
52
51
50
50
42
40
40
42
34
42
50
49
39
42
42
40
42
42
36
45
39
38
42
36
42
34
42
47
47
43
41
39
36
36
41
45
40
48
47
43
47
41
45
41
44
51
41
35
44
51
44
43
42
47
37
43
41
49
52
48
49
37
36
53
46
52
41
48
44
36
41
61
59
59
50
41
45
42
47
46
46
46
48
39
45
38
40
48
35
48
39
48
36
51
41
43
39
52
46
45
36
39
37
40
36
41
42
46
44
36
37
36
37
63
53
45
60
40
36
41
46
53
48
39
47
36
35
46
49
35
36
46
45
41
41
40
46
45
45
41
48
42
42
38
45
55
41
41
51
40
37
42
48
44
41
42
46
37
38
50
43
35
39
37
36
44
40
36
37
48
36
36
41
39
42
42
37
36
46
49
42
40
45
50
36
55
35
40
38
47
49
40
49
45
56
48
41
40
46
45
38
39
34
46
49
41
46
41
49
43
47
45
53
42
36
39
42
39
41
44
43
39
40
36
47
41
40
48
45
36
45
40
42
36
39
41
49
41
40
39
38
41
36
50
42
44
41
45
47
43
41
40
44
51
48
49
48
36
36
35
42
44
46
46
55
44
39
40
33
34
33
32
31
40
41
42
44
40
39
42
38
40
47
36
36
46
47
45
46
36
42
40
41
35
39
40
37
41
38
47
42
37
41
39
44
45
58
41
46
46
43
47
45
44
43
49
45
52
36
47
43
37
40
41
39
51
43
57
43
56
39
50
39
42
55
42
42
42
46
43
38
37
35
39
46
43
39
48
42
37
34
56
47
42
49
43
43
44
42
54
36
48
36
34
32
32
41
45
46
39
41
42
41
50
37
37
37
42
36
37
50
46
42
44
41
45
55
38
37
38
46
42
52
46
41
41
43
42
46
43
33
46
36
40
53
36
41
37
51
42
56
44
43
36
36
40
41
40
36
42
36
41
39
41
39
39
39
41
53
45
44
37
42
45
40
45
46
39
40
39
40
40
48
42
42
41
42
38
34
41
37
48
47
36
35
52
42
37
47
47
45
45
42
48
45
37
52
42
52
63
49
34
37
41
48
39
48
38
44
36
41
44
43
43
42
43
42
50
48
40
36
49
42
43
57
48
34
39
42
45
44
43
42
37
35
40
35
35
45
47
38
41
37
44
42
54
49
52
40
34
43
56
42
47
47
36
42
44
46
45
48
51
55
42
41
45
45
42
47
40
45
34
42
49
41
41
42
41
48
43
41
40
41
42
59
38
50
44
41
41
42
42
42
47
40
50
41
40
38
41
37
48
43
41
45
35
39
48
38
42
43
36
35
41
47
41
48
44
40
44
36
40
46
