69
101
92
106
93
125
190
121
129
199
208
168
103
72
74
110
72
97
105
106
83
113
107
92
140
93
122
103
100
102
118
118
164
104
96
114
112
106
103
113
110
108
156
143
104
100
106
118
119
129
109
98
135
81
115
132
105
115
126
116
199
120
112
82
100
103
105
100
133
114
174
110
127
112
98
90
147
83
128
126
122
123
104
151
94
140
132
105
99
91
103
117
173
154
154
142
136
176
180
92
151
141
106
79
200
131
125
116
90
150
190
167
114
151
121
86
138
181
130
147
157
98
78
155
109
88
90
103
103
82
78
93
108
127
106
103
172
75
109
156
177
172
177
131
112
123
111
95
128
93
99
104
124
120
168
130
122
101
101
130
123
153
94
118
141
113
71
140
92
100
94
114
91
154
126
141
132
140
134
106
152
126
117
95
122
117
106
121
120
169
109
101
109
115
138
165
113
95
153
139
126
79
84
77
105
99
159
136
132
131
116
122
129
90
89
109
82
79
95
91
110
117
131
132
122
86
100
152
105
101
101
161
144
148
92
175
192
100
160
174
130
140
85
89
115
117
121
85
109
121
113
78
121
111
84
151
138
113
129
129
123
120
85
100
99
98
127
124
118
118
119
122
235
211
126
141
150
88
159
138
128
109
90
94
81
77
88
124
224
141
96
90
123
126
113
66
109
102
83
91
118
136
117
97
94
135
129
118
136
109
111
76
70
87
92
116
125
93
101
154
95
89
116
127
121
93
124
133
104
119
92
118
140
105
124
80
89
122
116
124
86
75
117
114
118
120
144
128
102
83
99
93
76
89
106
99
128
129
105
128
109
79
111
178
106
88
137
121
139
168
121
112
108
160
175
157
113
140
160
160
157
145
152
171
144
131
144
150
108
144
112
82
98
85
99
138
137
111
107
137
135
108
137
143
107
148
124
179
166
106
116
104
123
128
134
118
86
103
127
106
113
88
94
137
108
95
76
101
102
133
134
136
118
88
115
92
111
121
184
125
135
119
161
127
107
121
142
136
130
130
117
83
89
120
89
148
151
123
139
70
89
129
141
121
92
114
118
103
130
96
95
110
116
101
116
93
102
150
89
68
122
124
197
120
115
135
87
85
87
86
94
99
75
106
142
102
92
162
151
85
81
154
141
70
78
186
172
89
99
98
164
99
101
137
123
73
101
95
104
106
106
111
83
88
80
129
132
142
172
124
108
115
115
120
107
101
102
108
126
142
103
112
110
106
125
159
169
99
125
108
130
114
99
88
87
99
152
87
77
118
132
114
117
92
180
83
91
120
96
115
104
70
144
86
78
94
88
91
102
109
117
128
137
107
96
73
76
104
146
135
127
86
152
135
130
174
95
95
103
99
118
122
122
110
135
88
91
110
