390
116
190
182
195
458
203
200
258
167
272
177
352
297
134
660
258
132
312
310
422
189
195
307
170
176
296
197
353
591
117
154
192
148
179
334
293
180
62
85
171
173
389
205
253
162
198
270
380
306
321
313
327
415
284
375
347
65
488
149
175
322
254
353
526
438
230
132
504
367
331
609
279
264
385
200
236
241
203
322
129
483
246
200
704
228
191
318
375
398
123
218
136
169
467
591
673
542
495
132
658
295
252
398
326
304
256
182
279
275
314
261
238
375
356
429
347
428
336
267
232
200
194
304
118
228
235
495
289
255
753
698
137
231
383
423
361
434
421
321
453
378
221
217
412
229
598
409
438
403
293
206
217
371
750
224
236
296
188
292
251
428
310
136
131
