146
337
311
204
425
166
327
81
252
506
73
379
330
194
171
186
209
674
377
307
209
118
281
162
313
318
400
549
407
678
581
315
301
181
283
397
407
678
491
245
324
210
315
398
357
376
430
267
472
361
125
219
201
264
240
165
298
140
375
625
433
173
146
246
296
261
551
210
324
239
229
343
597
130
255
221
186
160
407
402
480
250
429
149
329
272
687
753
368
311
374
128
269
339
347
113
118
321
297
346
475
537
376
419
330
342
141
241
399
226
318
299
319
284
306
155
308
228
323
377
217
356
297
168
462
468
450
175
248
273
177
373
454
232
174
251
255
497
426
715
792
180
256
152
230
255
544
436
177
156
126
866
422
531
316
332
293
