163
194
280
133
198
364
204
196
390
346
258
145
248
310
178
175
172
313
215
268
232
255
221
341
193
321
231
280
325
127
284
289
274
198
181
219
174
180
232
414
309
386
100
416
298
140
226
120
292
226
211
299
264
187
157
229
143
182
261
151
347
253
397
289
160
303
259
247
230
288
306
151
406
233
467
232
302
284
320
288
218
449
387
208
311
207
244
334
265
183
184
184
204
263
250
246
259
293
337
148
282
381
274
236
215
235
233
210
293
309
323
262
132
186
223
299
329
241
340
238
299
277
200
147
384
227
325
216
315
721
188
285
323
349
374
431
266
148
203
75
186
279
107
197
143
273
317
338
311
286
296
185
194
193
308
440
100
212
158
225
220
233
549
584
216
332
205
409
416
273
148
310
272
264
237
229
155
330
208
178
307
197
258
278
375
158
252
421
287
148
359
280
388
116
319
216
88
233
448
164
335
282
539
