53
32
36
35
35
36
33
25
19
18
15
14
12
22
25
12
15
17
11
12
12
7
10
8
33
35
57
47
46
35
30
41
35
36
30
33
59
35
26
31
31
30
31
27
24
31
32
35
41
38
28
27
41
35
29
20
16
15
19
34
41
40
42
34
44
19
15
8
10
13
14
10
8
9
6
12
11
15
8
11
8
7
33
42
30
27
20
18
13
7
7
10
7
6
6
6
6
21
20
6
11
9
6
6
7
7
8
6
6
12
9
9
13
37
40
24
13
12
26
23
19
16
28
8
18
16
10
19
15
14
24
23
23
46
45
32
27
35
40
28
28
25
26
39
28
28
25
19
17
22
21
11
27
26
24
22
11
23
28
23
21
18
13
11
10
15
16
12
9
9
32
33
30
26
66
28
26
25
26
32
27
27
26
26
35
33
22
20
19
16
14
9
7
20
18
12
13
12
17
10
14
44
26
31
33
23
32
31
28
18
18
15
11
18
14
8
9
21
22
21
20
14
13
24
31
21
18
10
16
15
14
13
10
16
22
37
36
23
22
14
6
10
7
7
6
33
22
17
9
7
11
20
23
39
36
28
12
32
26
26
21
46
19
24
21
16
14
15
15
14
32
40
33
29
28
27
26
19
18
27
25
26
25
24
18
12
8
8
42
37
32
41
21
8
9
14
17
28
27
27
33
32
27
12
23
17
10
6
7
8
6
28
19
20
7
7
6
9
19
19
15
16
17
14
9
6
10
10
8
13
11
8
32
32
26
34
28
19
17
24
42
35
34
33
37
38
31
30
28
28
28
25
33
29
28
24
19
18
29
41
23
15
14
19
12
9
18
14
21
19
15
36
35
36
39
31
33
28
27
38
36
35
32
27
25
24
22
34
30
24
18
20
19
21
18
32
20
16
22
16
25
41
34
29
22
26
25
19
14
8
14
13
12
12
8
9
22
22
18
16
17
37
36
33
34
34
33
30
35
21
19
18
24
22
24
20
13
7
27
9
11
11
8
7
13
27
22
25
23
10
11
25
21
50
34
31
27
27
27
36
34
64
28
28
23
20
23
30
51
28
35
29
24
23
30
29
28
18
21
15
22
12
9
8
21
35
26
30
19
18
10
66
30
20
17
23
40
34
32
36
35
28
27
30
25
23
21
18
24
23
12
6
13
12
15
13
11
8
6
6
6
9
10
16
26
25
22
42
41
31
44
30
34
32
55
33
30
30
29
24
20
18
19
17
20
20
13
11
14
14
23
21
30
14
13
28
24
28
28
25
18
11
15
16
28
28
19
16
24
23
22
18
33
26
29
36
32
31
28
21
28
42
26
35
26
23
20
27
25
16
25
23
19
18
17
12
8
6
7
17
16
16
6
22
15
13
18
17
15
16
28
31
28
27
37
48
30
46
46
35
55
31
26
18
13
12
6
15
14
11
16
19
45
33
16
15
18
13
13
7
10
6
12
19
54
24
24
14
9
15
15
9
11
14
20
19
23
32
35
35
28
27
21
30
31
44
60
37
23
34
41
36
32
30
27
25
33
33
23
25
29
35
32
11
18
18
11
10
12
20
18
17
12
9
16
36
35
32
29
34
32
38
35
31
36
28
20
18
11
32
27
15
32
27
25
26
29
21
19
11
10
32
27
41
39
35
38
31
25
28
30
28
24
17
29
29
33
39
33
38
37
45
37
39
53
27
26
22
22
21
42
32
27
26
22
21
28
37
31
29
27
26
35
30
36
29
24
28
28
27
26
27
28
35
34
33
35
36
32
35
27
23
19
19
16
45
19
23
36
31
46
37
44
43
34
38
36
35
39
37
31
30
32
64
41
28
33
27
39
31
32
45
41
35
30
29
33
35
34
33
32
34
26
26
32
36
36
34
31
27
24
21
16
12
20
19
15
9
12
7
12
12
16
18
33
32
29
24
36
25
45
28
35
33
24
33
31
35
35
26
22
19
12
11
9
13
20
22
21
26
26
21
52
29
25
17
14
13
22
53
22
15
12
31
30
34
34
24
43
43
24
37
35
40
36
44
41
30
24
12
26
25
16
15
13
21
29
31
42
41
45
36
31
24
8
13
12
9
24
19
29
27
22
21
20
23
18
18
14
11
10
8
37
34
31
23
24
44
26
25
25
20
43
28
29
47
34
25
30
20
28
44
44
42
31
30
30
28
44
36
35
21
25
26
36
33
31
31
31
43
33
49
32
31
29
29
46
42
24
22
78
77
32
27
25
25
39
23
24
17
21
13
41
40
34
29
28
27
36
28
24
23
18
56
34
45
35
31
23
22
28
23
20
16
14
11
6
30
27
34
22
30
27
25
22
44
37
34
37
22
17
13
8
20
18
17
30
29
38
38
28
41
30
59
32
30
29
28
27
33
21
19
20
21
27
22
20
15
20
19
19
18
17
24
19
14
12
16
39
29
47
35
61
15
32
52
31
30
43
37
31
31
38
52
48
29
28
27
24
40
40
34
27
24
24
16
13
12
14
19
31
31
29
20
14
18
17
11
10
10
9
9
17
7
29
26
26
28
20
32
31
28
23
34
30
33
27
27
23
26
38
41
17
16
17
8
7
8
23
27
20
20
30
29
54
45
44
42
53
55
54
37
30
36
31
29
31
15
16
14
12
18
26
28
53
25
20
23
22
21
33
31
27
31
30
25
18
19
7
8
37
36
15
9
6
8
25
31
25
23
17
10
10
22
21
20
26
23
17
17
19
17
21
20
20
30
29
29
26
28
27
26
26
29
21
33
27
22
36
35
34
49
32
34
46
31
30
31
25
10
9
9
15
11
32
30
35
38
37
25
23
10
11
6
6
20
20
10
9
6
9
9
6
19
14
19
19
26
20
19
29
20
20
17
8
14
30
29
21
28
22
11
16
13
6
14
21
45
