26
26
26
71
57
51
58
43
49
57
58
60
58
57
62
62
57
47
74
74
67
61
55
63
54
63
65
57
64
50
55
49
56
67
64
63
67
61
56
55
50
54
58
62
59
54
47
47
61
51
47
56
56
51
49
51
61
68
61
50
58
67
67
74
70
64
54
60
55
61
57
63
48
57
46
51
50
50
56
66
61
51
71
52
65
72
61
57
57
63
58
57
57
53
47
52
62
52
64
62
57
57
62
66
76
57
47
53
53
69
55
55
56
54
47
59
59
59
54
60
60
56
49
49
61
47
47
58
58
66
48
45
66
52
62
62
66
56
63
60
53
50
65
60
56
64
80
48
67
59
59
53
53
47
45
45
63
60
60
53
55
65
65
52
47
60
60
58
63
59
54
59
65
60
63
54
50
57
56
57
66
61
59
49
59
59
69
47
73
78
72
52
51
48
52
55
54
57
52
56
57
59
74
51
51
47
59
57
53
68
58
62
60
52
71
75
54
61
65
65
65
61
47
48
48
57
47
51
51
53
53
54
53
56
69
56
59
47
72
60
56
68
66
54
52
63
53
53
72
54
55
51
50
66
49
56
59
54
49
55
51
56
53
65
52
59
59
65
66
63
54
58
50
58
58
67
67
53
67
48
67
63
67
68
51
73
68
44
48
56
60
59
59
67
59
64
66
56
53
54
58
53
51
53
57
69
57
47
48
62
59
58
50
74
58
57
58
57
80
67
65
57
69
73
55
66
57
57
51
54
61
58
65
64
59
58
51
57
47
49
63
58
64
59
79
73
63
61
68
50
53
56
59
52
45
55
62
68
64
90
64
60
60
56
57
61
53
54
53
53
51
49
59
57
60
64
53
58
59
46
46
51
50
53
52
59
58
55
51
59
57
58
50
59
57
63
54
50
47
51
60
53
47
48
47
68
62
62
56
51
57
58
53
53
58
71
66
57
53
50
52
57
49
51
53
81
48
61
52
47
64
75
52
52
62
63
52
66
52
65
59
55
50
76
53
53
53
60
54
53
50
47
68
59
62
56
56
56
64
62
59
52
52
52
49
49
52
60
73
57
52
52
45
45
50
51
54
55
59
50
49
58
62
48
52
56
61
69
54
61
62
65
64
60
58
50
50
66
56
54
53
55
56
55
57
67
57
59
57
48
54
59
63
67
59
57
63
55
60
52
59
54
67
56
54
63
61
63
63
67
63
53
48
65
53
53
57
57
57
48
60
63
51
55
54
63
62
62
63
56
51
68
49
51
60
60
61
61
66
65
54
58
53
52
47
47
52
52
52
66
58
53
59
48
63
64
53
54
55
62
62
58
51
46
46
55
54
54
54
58
58
65
54
69
52
53
74
65
52
52
54
59
60
70
55
61
65
65
53
57
52
57
47
52
52
57
56
61
54
50
61
63
75
76
71
71
45
50
58
58
61
62
62
61
62
66
68
70
71
81
57
56
61
61
60
63
50
50
56
47
56
58
50
70
75
59
57
68
58
61
57
63
56
59
57
63
53
64
65
65
58
58
49
52
53
53
50
55
57
58
67
60
65
60
60
56
61
52
58
51
48
61
59
60
64
50
61
56
50
73
49
54
53
52
51
55
55
61
59
62
57
49
47
53
52
53
72
56
56
54
56
54
51
56
67
51
66
70
65
70
71
61
53
57
61
57
53
54
57
53
63
56
65
55
65
55
64
53
57
68
54
47
53
56
60
61
65
65
62
59
68
52
57
64
56
62
62
62
53
59
58
52
59
57
58
60
66
67
60
52
60
66
62
53
50
50
60
53
66
71
57
53
49
60
60
57
62
55
44
45
53
54
57
60
54
54
53
52
52
48
48
66
58
48
67
67
62
61
54
59
47
82
66
64
55
51
65
51
53
51
56
47
60
60
50
65
54
84
74
52
59
59
60
56
61
53
68
54
55
59
50
57
59
54
64
54
66
59
62
53
65
66
56
47
66
59
53
60
57
51
51
60
49
53
59
50
50
54
67
56
53
46
60
71
72
67
50
52
68
56
67
48
46
50
60
59
53
47
53
58
60
63
64
54
49
62
54
58
59
55
59
58
48
69
53
57
57
57
69
62
61
58
53
58
58
59
57
62
63
64
53
56
60
53
63
56
75
75
61
46
52
58
47
47
56
50
50
50
49
49
57
59
53
58
61
50
52
52
51
59
48
62
65
60
66
83
77
77
69
60
53
59
53
69
61
53
53
56
62
52
57
58
47
47
49
56
64
52
63
61
58
49
48
54
52
64
68
67
46
56
62
56
67
57
57
65
63
51
57
54
63
60
57
43
52
53
54
59
52
52
62
63
48
56
48
53
54
65
53
52
52
47
53
57
57
45
56
52
59
56
48
52
63
54
62
63
76
65
47
53
53
57
56
52
61
56
47
53
59
71
68
56
61
63
64
59
52
72
64
58
56
55
61
76
55
55
59
62
57
67
66
49
49
57
61
61
54
55
55
59
49
63
58
68
47
52
61
54
58
65
65
47
59
53
66
61
57
