35
44
44
80
72
67
84
75
52
71
65
62
69
66
71
71
66
62
61
66
67
77
73
65
53
71
59
77
64
65
61
60
64
60
65
60
60
65
84
69
74
73
67
70
66
56
65
54
64
77
70
70
83
66
75
63
72
68
68
80
74
58
62
62
61
78
78
76
75
66
66
60
55
69
70
60
76
68
55
59
74
66
72
74
58
63
63
64
76
71
67
83
62
61
63
76
66
65
71
69
72
60
72
74
55
62
65
65
77
57
69
69
70
70
65
70
64
70
66
62
67
67
69
74
61
69
66
72
61
58
64
64
75
68
68
58
61
63
62
62
74
80
65
63
73
76
56
56
66
66
60
75
75
80
73
69
74
79
78
68
75
63
69
61
65
69
69
75
77
77
64
71
61
65
72
65
68
68
70
75
58
63
66
66
68
62
68
63
90
78
67
62
69
60
59
59
65
64
62
64
64
71
61
55
55
69
74
62
81
63
69
62
65
71
68
63
63
70
62
70
67
69
63
63
68
74
69
56
61
60
56
61
69
63
61
72
67
67
62
70
64
71
71
71
71
60
59
59
61
65
60
71
64
61
67
64
72
66
60
68
68
62
60
66
60
72
70
63
72
71
75
76
79
75
68
66
83
81
78
76
68
80
68
72
68
65
67
73
76
60
60
71
54
60
72
73
57
74
67
67
70
76
65
65
67
67
61
67
64
64
72
68
67
69
67
68
80
71
57
56
62
68
58
59
67
63
76
67
65
62
69
55
67
71
54
59
69
80
77
77
78
63
65
72
66
79
68
73
78
67
63
63
59
56
61
66
66
67
87
79
55
65
72
72
73
62
66
59
55
61
60
73
61
60
68
68
73
67
67
70
60
74
61
61
69
60
62
61
59
73
74
62
66
56
62
73
73
77
70
67
77
64
64
72
59
70
82
64
67
63
70
66
66
75
65
70
60
56
69
68
69
57
61
71
66
65
69
54
65
56
56
58
64
57
69
66
61
70
71
69
70
71
68
64
65
60
67
60
72
74
65
64
64
59
62
68
60
60
71
77
62
62
62
62
62
63
68
81
77
77
74
68
66
66
79
61
68
67
74
79
72
65
72
62
67
67
57
84
57
61
69
76
62
62
61
56
65
69
60
59
68
63
64
77
65
67
76
70
67
67
67
67
56
61
67
71
64
63
69
62
72
77
62
68
58
68
55
67
63
63
80
64
74
75
66
73
77
60
69
82
82
74
74
63
90
95
72
63
73
62
64
64
69
69
68
72
72
82
88
61
67
67
69
66
58
70
65
77
66
70
74
62
72
63
63
56
56
56
59
65
69
66
64
57
68
68
64
68
65
73
89
69
68
66
66
61
70
71
64
66
68
61
65
79
79
78
63
62
60
67
67
60
72
58
58
62
62
71
71
66
76
67
67
67
72
69
69
72
65
62
62
72
67
60
69
61
60
59
59
67
60
63
60
59
63
66
67
72
74
80
71
68
66
76
79
77
75
69
69
69
69
60
55
71
76
76
80
78
78
69
74
66
64
65
69
66
66
69
69
74
66
66
65
70
70
60
62
56
67
61
68
67
65
74
65
65
57
66
65
68
68
68
69
63
70
69
62
69
69
73
75
75
66
66
67
61
63
66
61
69
56
71
70
81
73
68
64
54
62
62
65
67
66
57
63
61
61
60
64
74
75
65
69
76
63
66
55
55
61
64
68
68
63
73
62
59
61
61
61
69
70
63
75
84
59
68
61
67
70
69
71
79
81
61
70
64
60
67
63
60
64
66
68
69
62
75
62
60
70
67
57
74
62
62
76
78
63
62
62
56
68
63
75
69
74
56
67
55
63
69
65
73
80
61
58
58
71
66
66
58
52
67
70
62
63
87
67
74
74
66
67
67
75
61
61
75
70
70
73
73
68
76
61
73
70
69
74
63
71
59
58
72
66
77
71
67
56
65
71
71
68
58
85
70
72
71
74
62
62
68
62
62
67
64
72
79
74
86
76
68
69
68
68
68
72
72
62
60
61
71
71
67
61
66
62
62
73
74
77
65
68
64
62
68
64
69
68
76
64
68
61
66
65
66
76
76
67
61
69
59
69
69
60
63
81
81
73
73
75
75
71
82
76
67
69
59
69
65
70
65
69
64
57
77
66
55
73
73
61
61
59
71
86
70
70
61
70
64
67
59
63
63
65
68
67
62
71
76
77
69
71
67
75
89
87
71
66
65
79
74
68
61
68
63
71
72
76
63
61
70
65
60
70
63
64
64
65
65
64
60
60
64
65
61
60
69
70
65
64
66
87
70
64
68
77
79
60
65
66
68
70
75
70
73
78
83
56
61
73
70
64
61
