224
185
465
366
496
358
159
373
278
516
349
372
319
519
404
364
275
136
204
229
254
756
371
267
282
322
277
294
331
266
245
179
279
324
160
173
220
184
213
117
314
258
216
175
475
540
520
552
170
201
190
293
209
549
360
386
416
484
318
313
247
105
131
155
109
158
200
125
297
233
185
289
192
183
646
149
199
113
134
228
245
215
366
298
298
594
224
336
285
252
438
260
329
201
519
517
301
483
558
396
311
349
381
582
306
424
273
161
239
346
329
214
219
337
335
183
314
297
135
340
304
92
248
125
512
321
282
333
591
413
334
450
488
232
299
155
290
568
365
276
290
203
321
432
448
532
282
85
345
302
500
589
441
477
437
409
476
485
422
225
390
240
259
203
297
638
398
332
141
289
416
257
153
582
418
424
236
552
506
545
264
196
177
152
213
212
349
515
516
376
