54
86
120
156
131
125
126
179
158
196
94
95
104
129
87
99
99
107
88
94
126
121
93
105
101
101
103
86
119
81
135
130
147
140
133
101
189
101
185
257
97
115
132
104
127
116
131
222
105
126
122
124
141
153
106
179
104
179
177
165
105
122
131
167
165
105
145
139
102
100
138
159
151
121
118
119
145
167
181
178
84
123
114
101
115
89
100
136
132
112
99
111
156
106
79
119
145
109
95
95
87
112
111
125
111
115
116
212
139
141
137
115
130
125
105
188
69
101
105
82
124
102
155
175
120
157
91
101
105
137
151
100
132
143
197
146
131
152
106
121
95
113
111
104
125
121
113
93
97
216
111
131
139
104
128
110
118
102
135
154
110
97
151
108
87
95
124
105
114
124
97
92
120
113
136
132
79
99
107
90
144
137
100
98
158
182
119
161
108
170
147
154
148
133
114
129
114
114
90
85
126
98
110
104
149
135
105
80
107
89
99
106
150
122
126
132
107
118
112
128
103
136
78
84
74
144
92
86
84
158
143
137
93
102
100
131
143
136
100
103
109
131
113
179
118
150
110
84
100
121
84
138
148
161
149
123
105
145
119
123
125
154
152
88
86
149
152
169
79
125
90
90
97
112
108
143
100
97
103
95
112
94
90
140
137
103
141
131
123
108
99
128
133
115
130
135
162
110
132
199
131
152
132
144
142
108
108
143
143
203
157
106
158
133
91
164
96
92
109
98
98
101
96
110
128
124
112
139
113
117
143
131
146
110
74
119
107
147
156
92
104
123
103
152
130
146
154
91
72
122
162
127
124
77
124
88
126
109
153
120
106
130
129
85
85
95
94
76
88
92
138
159
142
132
130
98
114
150
125
101
96
113
118
190
124
117
106
137
107
139
93
103
106
116
78
156
92
115
101
124
151
139
140
120
177
86
106
130
128
177
204
206
168
79
98
129
112
85
109
114
73
99
155
140
147
94
110
127
137
86
80
151
114
110
120
158
148
148
138
95
127
95
81
136
101
92
122
127
121
148
74
118
109
97
92
110
84
104
98
98
133
104
103
137
108
124
90
80
80
106
154
169
128
116
93
130
121
112
114
142
106
107
119
116
114
74
101
196
149
111
88
72
173
162
89
89
87
184
161
98
104
153
101
118
149
119
120
117
174
166
140
195
117
123
114
84
83
115
88
94
152
135
101
100
119
87
140
136
97
90
92
115
112
90
126
105
114
152
116
149
133
184
79
107
111
91
152
81
88
138
141
110
126
158
84
81
85
99
99
108
100
98
114
111
140
168
145
148
157
96
142
124
137
95
121
129
119
91
109
100
89
