30
218
465
210
359
150
366
130
190
139
218
375
339
141
328
264
184
678
159
237
273
311
286
266
682
235
235
163
188
151
282
202
106
57
389
298
192
182
121
66
156
209
501
68
194
246
161
168
132
312
190
312
545
247
239
217
193
592
218
203
150
54
217
132
189
183
126
302
185
568
311
501
326
365
362
182
151
151
177
374
288
149
173
141
457
290
304
196
119
163
164
169
161
441
98
199
275
248
191
415
363
218
211
268
193
400
224
255
147
301
102
262
284
156
307
223
462
134
176
210
104
300
215
58
47
246
311
347
283
245
194
271
270
202
207
220
164
170
132
78
89
301
513
81
259
451
303
260
119
246
255
233
226
342
708
137
238
209
276
241
109
245
256
83
503
334
139
298
159
197
143
