52
54
43
56
54
56
44
43
41
44
43
39
29
39
39
37
52
35
32
31
28
30
30
28
60
58
52
52
77
54
52
57
55
57
58
60
51
56
56
47
55
63
59
63
53
63
63
63
51
43
56
51
47
43
41
38
52
57
53
53
48
59
56
56
58
58
39
36
34
28
28
26
27
37
36
29
33
36
29
29
42
42
28
30
35
35
24
34
72
50
47
68
53
47
42
26
28
32
29
32
35
35
30
30
44
39
28
29
28
27
46
44
41
29
24
38
38
39
39
36
30
30
62
66
66
61
55
52
50
44
44
42
31
38
48
44
40
38
32
30
30
36
34
25
41
39
46
49
49
47
50
60
53
58
48
43
68
56
55
52
52
46
40
39
32
32
39
50
50
49
47
49
47
45
45
43
34
31
38
35
31
30
25
59
53
53
87
80
48
55
53
51
47
54
52
54
51
51
44
42
42
35
32
45
35
32
36
54
43
44
45
24
28
30
33
29
43
44
52
48
39
38
32
30
27
48
37
33
54
56
46
42
42
42
42
34
37
35
34
27
27
53
42
48
46
44
45
29
30
38
38
53
32
74
72
50
46
48
42
47
47
37
33
27
24
35
39
47
47
45
41
41
43
45
42
31
42
40
37
35
34
61
58
58
67
58
49
43
26
34
28
54
63
65
59
52
46
46
37
41
36
39
42
35
31
51
49
43
34
45
40
47
45
42
34
39
37
37
34
25
29
27
32
44
54
51
48
55
46
63
58
57
53
50
51
60
54
49
54
50
53
38
64
64
31
44
41
44
32
35
35
46
37
40
41
37
37
58
50
62
48
71
54
49
49
51
69
70
53
52
54
54
48
45
37
37
52
45
36
38
36
39
52
48
35
41
44
40
51
45
62
50
50
46
44
35
39
37
28
26
36
33
28
49
49
44
36
37
46
39
53
56
56
48
52
53
53
51
42
42
44
42
45
46
44
42
38
38
38
39
34
32
30
24
51
48
34
34
25
34
48
44
44
46
46
46
46
38
30
33
61
78
78
59
57
57
55
52
45
46
47
52
56
48
44
46
55
45
53
52
47
46
45
45
52
53
46
42
43
38
50
45
35
38
50
51
49
42
40
36
38
31
30
30
58
82
59
64
61
56
50
59
40
38
35
40
29
35
31
26
26
25
27
67
87
69
55
49
54
57
51
49
47
47
37
39
40
38
34
31
33
42
57
51
48
44
42
38
33
45
48
41
35
35
37
50
49
47
39
44
46
44
35
63
100
57
56
51
51
42
42
66
50
50
47
44
47
43
47
47
52
49
44
38
48
44
51
47
46
46
29
30
28
29
30
30
28
27
29
29
47
47
40
46
52
52
39
50
53
54
52
52
71
69
56
55
58
52
70
73
62
56
56
48
47
48
33
32
32
31
31
29
31
28
28
29
33
33
37
41
47
41
41
34
45
37
35
33
33
41
54
51
35
33
29
25
37
38
39
30
28
31
33
48
44
41
37
56
50
58
48
51
49
49
46
59
62
64
76
73
50
43
50
47
49
47
39
58
65
62
43
51
52
54
45
48
58
56
56
56
53
48
48
36
30
24
54
44
42
50
48
32
48
48
45
52
50
62
40
42
53
51
47
44
42
38
29
31
31
33
33
30
30
49
45
47
49
49
47
56
51
49
54
49
57
57
54
45
45
51
47
42
37
34
44
42
39
30
27
25
43
52
47
50
58
58
85
56
53
51
53
39
48
49
51
60
66
64
68
50
50
48
48
51
52
53
71
67
74
54
47
43
60
44
42
55
55
48
46
59
59
52
48
55
51
39
39
43
45
57
41
61
56
49
46
67
61
69
66
83
53
49
49
59
50
50
68
54
53
53
49
66
50
56
51
53
51
36
40
45
45
38
38
34
33
33
39
39
62
62
70
54
50
50
55
56
56
56
43
43
32
33
45
41
42
42
39
39
54
43
75
75
38
58
60
55
78
48
38
36
32
45
54
54
46
57
64
64
51
44
44
40
44
54
50
48
50
25
55
55
47
42
39
39
39
38
37
49
45
46
51
51
63
46
48
50
50
50
48
42
42
44
41
41
37
42
46
34
34
29
59
59
62
60
56
65
63
45
55
55
48
49
37
40
42
63
49
70
50
52
52
52
46
42
39
87
60
54
62
59
51
49
44
46
47
56
50
50
50
63
53
70
72
72
53
56
59
55
51
48
48
48
57
49
55
43
67
42
34
41
33
64
58
65
65
65
65
57
49
44
41
45
60
59
46
46
49
39
39
29
34
71
49
56
59
50
43
51
51
54
55
39
42
34
50
56
56
70
65
56
50
60
58
56
50
82
45
43
40
42
35
48
48
42
39
32
30
34
53
43
36
50
62
53
67
56
51
48
45
42
54
73
59
55
75
46
53
68
48
48
58
57
56
49
40
43
43
38
36
32
39
37
47
54
47
42
40
28
35
28
33
51
48
49
38
34
44
57
57
43
69
47
49
55
55
55
51
57
55
50
41
47
43
45
46
46
47
61
65
63
49
37
30
31
43
37
34
30
44
40
33
41
39
68
65
48
62
58
56
75
51
49
47
47
59
64
56
55
53
45
43
43
41
41
39
38
38
38
36
34
38
37
28
29
30
33
28
49
46
76
56
47
53
54
54
48
49
48
49
43
24
27
26
47
44
38
35
29
25
28
34
45
36
31
30
27
42
51
50
45
43
41
36
37
66
66
61
46
48
46
44
50
89
53
55
47
46
43
55
56
90
71
66
56
46
66
83
71
52
53
53
41
39
36
31
28
31
27
55
55
49
45
35
32
27
29
39
30
27
24
28
26
41
34
34
32
29
27
35
33
42
40
40
36
38
34
31
35
30
35
51
49
49
39
42
41
41
39
40
35
34
50
48
58
45
53
53
51
48
58
41
35
45
33
32
38
64
