62
122
73
93
135
93
131
167
122
138
93
79
90
85
84
141
100
72
79
92
86
94
65
87
108
97
139
115
71
179
110
250
175
88
106
123
99
108
103
103
106
141
101
101
162
157
174
115
113
136
130
140
105
150
171
69
101
112
127
94
123
122
170
81
103
82
131
90
71
88
103
131
111
116
96
118
96
125
110
124
85
123
103
127
150
106
163
87
112
84
83
88
142
148
172
132
172
151
133
126
107
154
118
117
93
140
135
53
81
112
145
100
90
133
130
100
107
104
121
137
124
147
138
164
166
121
118
73
105
117
128
87
120
182
131
105
107
102
112
109
104
76
95
136
76
102
85
79
102
109
97
160
157
93
112
111
94
89
130
115
89
151
85
91
64
111
86
77
154
139
84
93
87
88
83
100
91
147
80
76
141
92
87
130
109
116
144
87
124
139
144
121
96
165
125
112
100
85
84
89
99
102
117
103
78
127
122
119
118
96
101
83
95
88
118
84
78
93
142
109
119
116
82
130
119
112
121
78
85
80
107
139
118
117
158
162
109
107
152
136
154
113
75
130
138
141
82
127
130
83
93
76
127
104
139
113
127
123
150
130
146
137
98
109
78
78
113
68
114
113
99
88
81
124
58
146
109
98
94
109
65
90
102
111
96
115
80
124
111
116
106
86
82
174
82
82
106
88
112
116
119
129
121
75
95
118
134
110
70
97
94
112
93
94
86
76
80
81
98
130
128
100
115
111
140
127
100
96
77
102
75
77
100
97
107
80
85
102
100
114
70
93
83
111
167
109
145
118
131
96
102
113
95
92
108
138
154
124
144
108
125
88
113
97
87
113
91
96
96
87
78
74
96
106
109
130
103
82
81
124
101
95
92
106
111
71
138
110
91
149
110
88
139
140
111
84
100
104
138
120
70
96
139
119
163
88
104
62
93
93
93
122
80
126
105
108
122
115
151
134
145
112
111
158
130
127
107
103
116
65
70
75
139
127
88
118
209
113
130
80
75
88
73
82
171
133
108
107
126
113
125
133
97
86
81
72
110
89
107
100
174
189
186
116
97
111
95
90
77
90
135
134
162
122
110
128
101
90
85
92
134
121
80
67
61
101
137
87
74
84
79
120
132
103
90
85
85
90
95
124
181
190
127
130
178
110
139
113
112
128
73
89
91
96
89
76
110
94
117
118
152
182
171
110
97
78
97
121
80
108
69
74
123
107
106
135
100
100
116
129
111
105
96
