245
199
258
328
275
353
186
353
194
191
239
150
262
152
304
304
241
218
631
122
213
136
157
190
130
81
243
209
413
430
213
233
195
312
405
432
446
368
231
371
272
208
318
237
147
269
289
92
372
691
187
257
156
267
304
323
201
172
85
115
530
386
182
186
459
424
416
453
237
278
195
579
407
223
232
142
262
279
172
444
657
551
326
134
338
191
209
357
322
406
400
249
386
470
380
221
361
712
640
183
158
272
228
228
324
63
126
307
292
162
244
212
253
200
247
207
222
136
231
178
303
205
330
340
639
97
236
153
274
455
403
283
167
222
306
221
149
285
368
377
254
548
149
369
429
183
198
217
335
238
513
686
610
362
92
427
352
172
210
218
163
257
560
398
287
444
267
191
153
362
184
66
133
206
