163
155
185
202
236
151
211
64
65
160
176
143
176
82
96
166
135
177
273
261
204
144
213
195
337
348
259
261
149
194
209
246
312
232
148
143
131
100
127
187
202
137
165
293
144
195
258
195
241
250
132
210
226
95
121
170
192
160
226
245
173
142
147
232
193
192
146
105
356
317
236
153
121
228
116
191
186
116
109
125
97
112
175
223
249
155
73
129
160
195
180
193
209
246
117
119
238
117
198
108
91
156
249
295
186
165
179
154
203
131
140
150
111
145
206
196
157
181
154
234
220
170
231
75
251
210
96
188
179
71
127
107
151
99
81
115
189
202
201
191
158
129
165
71
227
223
111
170
130
200
198
232
302
202
138
208
165
239
69
256
263
237
246
230
145
148
142
172
161
146
213
188
171
216
336
234
168
170
213
123
79
182
172
123
140
140
101
75
133
162
145
115
126
251
165
258
229
193
203
157
142
163
130
208
328
171
199
173
132
104
139
120
116
250
70
179
141
133
202
160
399
212
232
194
174
143
147
218
104
83
73
92
118
216
136
150
209
158
249
219
227
235
114
127
158
183
191
75
114
162
169
118
196
228
111
106
177
134
254
113
122
115
91
221
159
129
197
136
132
193
161
160
76
95
116
159
192
227
200
182
178
173
179
222
128
172
193
103
131
286
160
190
134
117
258
144
121
180
173
146
281
269
164
92
143
95
156
173
147
79
99
112
102
250
292
250
180
95
168
194
158
98
148
