33
202
106
101
290
286
73
123
187
252
152
152
491
346
193
335
211
315
291
433
351
318
195
201
276
258
202
278
279
203
112
292
197
203
126
356
238
150
157
280
277
103
288
366
184
490
131
63
154
167
270
177
296
154
473
259
300
236
230
553
199
152
157
245
337
277
276
345
314
221
217
367
101
186
236
101
210
312
337
249
167
299
325
133
110
170
157
122
195
359
432
312
280
258
305
208
384
411
646
352
294
397
360
406
464
331
267
343
224
284
195
423
216
361
356
157
513
458
148
463
203
264
320
295
279
254
397
294
202
201
75
377
346
171
144
247
155
133
519
396
379
396
195
222
62
104
158
156
386
252
320
69
241
131
644
313
289
170
305
198
166
399
493
428
127
255
406
345
380
282
245
219
269
500
494
380
149
328
297
394
207
195
50
143
80
331
119
311
137
205
260
111
146
201
469
422
449
155
140
