66
91
93
153
182
152
87
100
102
99
116
105
113
119
125
95
86
104
110
129
69
109
73
138
95
96
92
85
100
118
149
88
88
108
104
105
124
92
104
116
119
126
145
134
106
144
144
122
119
108
112
160
92
105
79
110
158
84
130
138
108
107
190
127
125
100
97
88
125
177
99
99
78
121
141
110
139
101
92
107
88
73
78
101
99
135
114
122
104
109
162
152
117
137
83
84
93
104
93
106
80
133
129
116
117
118
129
88
105
78
85
131
88
82
129
142
133
127
108
71
92
116
126
127
109
123
87
126
103
86
84
136
148
123
118
118
122
120
84
89
139
118
159
118
99
76
103
68
145
129
99
87
91
81
144
134
94
127
182
130
96
102
89
133
131
128
116
97
105
87
107
111
119
82
95
91
116
157
123
132
161
124
100
92
81
86
106
110
131
121
112
135
113
120
113
132
90
68
97
133
89
91
99
86
94
154
130
91
80
104
91
120
124
116
96
121
138
114
114
74
99
69
69
114
96
144
94
111
96
85
103
126
117
96
150
117
112
109
134
112
155
146
139
87
152
122
113
108
97
96
77
97
103
113
89
114
95
96
100
110
168
96
155
155
102
103
88
90
97
104
131
133
86
99
102
82
141
139
125
174
113
179
149
130
96
104
110
109
134
92
140
81
183
144
149
105
100
106
85
94
73
102
135
118
132
135
103
128
120
128
132
108
89
60
78
85
95
174
65
97
87
112
93
145
94
147
91
68
114
110
120
120
103
194
136
96
115
101
85
95
117
136
93
84
122
119
90
81
82
77
97
89
65
132
89
103
133
124
81
84
162
107
134
120
125
144
153
146
145
128
115
160
86
98
114
109
114
91
112
90
91
78
105
144
86
126
151
170
148
97
161
105
115
119
93
105
85
86
96
83
116
127
118
132
109
126
88
109
106
146
118
82
131
121
94
127
139
81
116
97
113
120
87
170
109
92
105
103
111
139
148
133
119
134
102
147
109
72
141
128
84
87
87
75
148
85
87
107
96
109
105
97
138
162
148
110
149
120
114
181
80
73
81
106
163
97
87
113
99
91
108
132
125
101
95
75
104
122
167
169
123
115
82
142
91
172
194
85
78
103
89
84
98
112
118
79
97
98
117
90
65
100
127
106
70
71
76
82
80
100
110
123
126
82
108
79
90
87
112
76
84
97
80
87
111
125
106
104
96
104
88
112
152
151
129
146
116
141
150
68
96
142
147
107
98
89
111
124
94
115
125
97
