133
149
143
44
113
95
120
254
116
149
120
141
81
177
205
105
398
125
87
152
111
108
101
227
126
58
114
170
141
154
188
91
134
156
106
73
174
169
175
72
67
140
105
92
145
66
118
50
89
89
57
78
129
63
159
122
197
167
125
70
201
119
255
68
157
189
184
179
155
154
164
113
246
80
90
74
81
99
201
189
144
162
48
160
167
84
51
96
170
130
185
250
70
64
137
159
142
102
76
155
100
149
85
159
186
140
100
171
80
78
200
122
215
177
52
155
201
177
159
291
97
52
61
143
120
236
211
171
115
69
180
84
145
155
88
189
141
375
238
285
215
148
164
202
47
144
90
298
302
77
77
175
220
102
72
73
117
268
100
218
95
118
103
178
190
151
283
137
138
188
161
84
162
89
70
143
165
105
108
82
65
136
134
67
72
142
195
214
179
148
91
80
174
175
121
205
205
239
236
133
158
146
104
104
173
162
117
113
109
232
218
73
146
144
141
94
223
82
211
294
265
289
99
100
88
143
102
99
164
99
70
118
175
321
136
212
119
121
68
126
128
109
101
77
140
95
98
69
164
125
126
155
64
50
54
188
114
213
134
113
96
237
276
187
91
111
132
179
113
246
238
194
95
118
102
56
60
65
125
135
82
104
51
75
59
195
134
52
81
64
206
210
153
117
95
85
82
140
188
78
229
108
70
160
133
105
165
125
125
110
94
82
140
197
202
60
110
93
109
109
171
153
134
265
218
215
191
198
184
151
