354
396
156
173
172
218
268
129
128
78
160
177
125
377
325
122
304
268
216
226
152
257
253
83
302
149
147
223
240
250
209
620
150
370
338
203
197
330
436
279
240
156
145
222
215
370
244
180
167
268
62
177
309
220
230
241
318
198
301
199
118
342
783
390
317
176
115
426
444
333
473
120
84
108
258
482
323
124
234
307
510
246
145
230
290
477
85
313
381
66
266
126
222
391
244
366
123
134
172
209
177
267
98
146
436
211
303
372
269
156
223
229
243
323
406
247
81
477
166
180
320
600
70
373
322
288
325
190
169
201
342
140
169
263
124
320
368
204
107
230
415
358
475
428
779
517
423
276
346
191
510
306
347
251
86
214
