165
161
202
187
130
233
126
138
150
69
174
107
175
131
269
133
222
122
177
190
246
207
207
99
268
138
134
196
92
125
175
191
169
109
147
236
232
196
148
144
163
132
144
185
183
263
266
231
103
122
227
256
176
338
115
189
202
161
185
136
164
129
173
186
93
207
304
252
277
141
145
224
173
198
153
137
141
90
181
137
233
180
280
251
166
267
239
244
212
75
183
185
183
226
181
105
142
214
224
289
111
165
217
191
161
142
224
248
269
124
139
212
164
164
167
247
195
140
161
151
153
219
251
248
86
291
288
94
201
222
97
132
69
102
100
107
74
197
127
199
166
128
118
135
186
174
72
202
235
196
228
154
79
69
293
208
120
132
252
136
258
289
235
147
154
132
127
166
180
123
170
171
136
237
201
174
137
141
97
130
252
216
198
133
158
78
110
177
177
159
149
229
222
131
219
229
156
174
207
92
160
135
243
147
102
161
161
186
245
109
164
82
241
114
140
170
207
135
161
151
150
186
90
384
123
182
246
133
156
133
120
80
153
183
132
97
110
161
143
139
193
123
79
153
257
109
284
168
146
129
141
93
175
185
156
161
147
240
133
150
124
222
143
151
240
150
232
155
136
139
382
152
107
138
108
128
157
169
76
124
202
205
122
207
149
168
123
179
201
152
95
217
118
164
153
128
119
155
177
106
240
122
125
