27
25
45
52
46
37
33
32
36
45
52
38
28
23
21
31
36
59
57
46
45
28
25
24
19
19
37
50
47
41
44
50
44
41
46
70
38
48
51
47
47
50
80
53
42
54
45
35
32
30
23
33
55
50
49
55
60
58
57
59
39
33
31
21
27
26
22
26
21
26
25
23
17
27
20
18
18
19
16
18
15
22
18
17
20
40
46
46
43
39
35
36
35
42
39
36
27
27
21
27
25
32
23
17
20
17
25
19
18
21
16
35
26
23
23
20
17
24
38
55
55
53
44
54
40
24
24
23
34
40
37
33
34
31
26
35
24
26
29
19
21
35
35
42
37
53
49
46
43
40
41
43
39
36
33
28
31
28
25
19
28
35
39
41
33
24
20
19
19
16
48
47
37
42
44
43
41
50
41
39
37
47
40
34
30
25
20
25
28
25
17
28
21
32
45
46
45
38
37
43
49
48
40
38
33
32
32
28
22
19
19
18
21
17
17
15
19
18
33
33
25
22
36
36
48
37
22
21
20
23
46
45
42
37
34
39
36
33
36
32
28
23
22
18
19
15
19
32
31
50
47
39
33
30
23
66
40
35
40
38
36
32
20
36
39
52
51
36
40
34
33
32
37
34
32
30
32
30
37
51
49
37
35
34
20
23
20
56
55
38
34
43
47
60
48
39
29
21
18
57
56
40
39
58
58
65
62
39
34
29
27
27
26
23
31
29
27
34
26
21
21
36
35
40
38
35
32
31
33
27
24
23
21
16
17
31
28
37
35
35
24
27
18
20
19
21
15
22
15
19
61
61
46
41
38
44
30
29
28
54
41
38
46
43
44
50
43
42
41
38
45
40
39
42
41
40
40
38
30
26
43
40
39
54
49
40
34
29
32
30
28
35
20
33
30
27
30
29
39
51
48
42
40
63
62
38
44
43
47
42
41
38
39
43
40
33
33
32
34
40
33
29
29
47
37
36
34
29
28
39
53
33
28
27
16
20
19
37
29
45
49
46
45
46
39
39
40
43
37
36
37
31
29
37
36
37
35
34
26
31
30
32
40
24
23
18
40
38
27
30
25
72
68
56
37
41
39
42
47
46
47
48
75
41
35
38
36
34
39
38
45
47
51
43
44
43
42
40
33
35
45
42
44
42
45
42
41
46
45
33
34
32
31
30
36
34
33
32
29
28
30
19
34
32
27
46
45
42
45
52
34
47
77
42
40
39
44
43
46
45
40
40
40
45
43
46
45
52
49
47
40
38
37
35
33
37
25
25
26
21
19
20
19
30
54
52
67
54
43
44
45
43
41
38
43
44
40
45
44
47
54
39
34
28
32
22
23
38
36
70
42
44
40
36
35
32
27
40
39
33
33
30
30
29
25
23
37
35
34
44
38
36
39
36
41
44
39
54
49
40
36
34
31
55
36
36
40
37
62
37
37
37
41
44
40
28
27
19
27
16
18
19
17
25
35
35
28
28
46
45
42
48
47
45
60
46
45
59
59
44
46
39
36
27
22
21
18
21
19
25
29
27
34
29
29
28
34
32
26
21
22
23
43
39
36
36
33
26
22
38
36
35
37
35
36
27
39
39
43
40
38
38
44
41
49
71
70
65
43
44
43
48
47
35
50
52
36
36
40
44
39
42
60
60
43
42
40
34
31
21
40
37
41
49
51
34
33
31
42
28
42
33
30
38
40
33
25
24
19
44
55
55
78
58
46
38
40
39
42
44
42
39
38
42
36
41
46
48
49
55
66
48
37
33
32
29
42
40
34
45
44
39
40
47
43
37
34
40
40
40
40
48
44
31
31
30
29
40
39
35
33
52
39
54
45
49
43
62
44
49
48
49
44
39
37
35
54
55
57
51
49
42
41
45
44
46
30
22
29
28
28
26
25
27
22
30
34
62
58
41
48
48
35
44
41
49
48
41
44
35
34
43
39
32
37
36
35
34
32
31
21
19
23
34
40
40
33
49
72
42
40
32
25
26
36
31
64
39
35
43
45
39
38
38
37
45
38
35
33
32
56
50
39
38
40
32
24
24
24
23
18
16
15
32
28
28
27
26
41
33
38
43
54
42
40
39
35
32
22
15
39
33
32
30
26
24
21
26
21
45
38
37
40
41
47
38
33
28
50
45
52
59
89
72
39
37
33
44
45
41
33
50
36
40
48
40
48
47
45
60
45
44
40
44
43
51
49
51
40
59
57
40
51
46
53
49
49
48
40
37
38
46
43
42
40
39
39
38
36
28
30
26
23
22
58
41
42
39
51
79
62
50
59
53
39
33
34
39
34
28
61
47
47
46
45
33
37
34
57
58
65
45
43
24
29
37
49
50
57
48
39
40
39
38
37
35
35
27
35
29
25
22
22
25
28
47
43
47
38
37
31
66
40
39
35
48
45
68
36
51
42
47
41
32
24
50
37
63
51
36
26
21
25
25
22
43
40
39
68
89
52
39
35
38
35
34
27
24
35
35
49
51
46
43
36
35
60
34
46
44
49
78
48
35
24
20
41
36
34
31
34
32
58
37
28
22
21
16
36
37
30
22
34
32
31
63
52
41
57
57
45
47
52
43
33
47
39
34
31
29
30
20
22
21
20
18
17
72
68
55
40
36
35
35
34
25
43
36
59
38
35
32
23
17
15
18
19
22
17
16
36
39
45
44
36
27
18
38
43
44
51
43
41
39
38
73
47
44
41
39
35
42
38
95
47
41
44
24
18
18
23
42
49
45
32
30
24
22
22
23
21
15
19
16
15
33
30
17
16
18
18
30
22
29
29
30
29
31
28
34
38
31
33
30
30
32
38
47
39
38
41
43
43
38
40
27
27
26
24
28
28
21
26
27
