21
37
58
146
122
120
99
103
83
101
112
89
153
132
81
83
80
94
92
86
134
92
83
82
85
95
92
100
75
92
109
84
89
79
70
80
106
102
93
109
68
69
83
78
78
93
176
129
107
79
107
89
106
115
135
123
115
109
91
129
100
84
140
104
88
92
93
93
90
97
87
101
97
86
90
86
130
124
119
135
130
143
112
97
96
123
144
136
97
171
82
104
161
166
156
103
88
122
72
73
105
102
80
138
64
91
114
94
84
108
86
77
85
160
106
103
92
154
103
145
137
114
110
76
105
77
158
128
102
157
108
104
101
116
128
87
102
135
79
66
77
71
95
110
91
87
104
68
123
78
89
74
84
121
105
97
70
203
138
102
71
96
131
134
93
81
165
69
82
116
111
125
129
122
110
107
124
73
120
113
126
128
82
136
139
80
122
120
118
120
115
102
84
118
94
88
148
113
77
74
68
60
112
71
93
119
117
89
87
96
59
68
64
144
122
77
110
122
110
103
117
114
69
111
71
106
94
121
122
88
78
92
104
81
81
84
75
92
126
94
99
112
64
65
61
74
146
123
78
113
87
121
73
64
166
103
103
154
103
93
125
141
83
110
105
114
83
94
88
86
83
112
81
76
103
104
108
66
72
69
76
139
101
205
80
103
144
74
123
74
102
160
137
117
72
82
113
96
126
128
129
86
72
112
110
116
93
114
110
99
98
98
135
74
100
85
106
113
78
110
131
149
120
117
99
88
71
182
199
86
123
99
95
109
70
91
107
73
94
101
80
66
106
95
90
118
87
64
89
67
70
87
85
127
107
101
81
141
70
120
86
100
94
68
94
89
149
78
87
109
112
103
133
150
140
129
104
130
105
96
92
122
128
95
76
106
105
122
108
100
100
100
87
72
109
87
70
109
134
121
102
155
188
116
94
113
112
78
78
120
111
109
115
107
120
82
80
132
125
118
113
108
142
103
91
83
68
90
114
74
89
87
115
75
74
88
112
65
87
82
101
99
107
69
99
121
103
100
94
132
77
87
113
118
81
92
84
115
113
126
107
86
92
115
105
88
83
129
73
128
171
150
90
97
89
98
74
72
81
71
176
89
86
96
67
90
81
71
67
107
68
69
113
94
108
75
71
80
80
111
80
84
74
66
52
93
179
164
104
99
81
70
77
99
114
64
76
88
79
68
87
49
72
108
141
237
93
66
132
75
65
111
111
81
82
86
74
68
101
109
69
120
96
106
110
98
87
137
146
113
108
93
95
97
110
75
114
102
96
100
