26
89
156
144
259
117
165
133
149
235
208
437
208
103
215
96
51
419
98
150
81
213
392
292
248
194
314
154
103
55
167
219
189
330
80
169
344
360
196
173
458
406
392
433
434
218
162
390
387
226
215
45
167
136
90
252
174
168
312
180
379
318
199
233
326
395
426
435
83
122
479
500
307
288
127
120
277
339
343
506
290
256
316
282
283
384
516
61
228
344
173
162
271
183
267
420
208
231
490
454
108
177
332
153
172
335
330
204
358
283
102
106
401
196
265
367
174
443
391
474
227
94
137
137
229
421
233
233
90
277
396
135
657
501
264
304
360
258
106
218
251
250
343
188
95
227
107
104
412
220
246
126
413
285
536
391
178
352
588
185
155
160
450
690
386
365
97
368
366
81
