6
154
101
111
73
133
143
95
96
72
60
142
196
181
106
125
93
157
90
167
119
114
86
176
181
119
132
82
82
162
96
55
93
87
129
134
131
79
127
210
83
70
73
91
120
181
170
90
81
149
95
201
157
149
105
143
146
143
88
102
127
65
65
207
86
86
189
91
218
83
94
82
134
139
269
148
127
121
127
124
145
88
176
87
64
99
83
77
75
167
173
87
58
81
100
136
120
141
174
122
94
74
112
109
90
75
131
116
156
98
63
93
96
269
136
81
160
194
100
151
68
91
157
103
102
81
73
65
98
69
145
134
117
184
143
130
119
108
164
96
60
49
78
79
80
98
93
150
233
184
188
87
219
208
75
155
66
69
95
80
201
135
65
85
134
99
143
128
94
93
79
55
140
137
289
113
142
164
137
74
66
216
88
121
120
105
101
80
288
190
134
116
81
177
153
147
273
130
95
75
79
137
110
117
79
213
83
169
188
177
113
174
149
245
79
236
157
213
74
69
84
118
139
124
251
100
67
61
54
68
141
173
90
82
71
137
125
102
78
78
181
136
132
132
153
178
136
50
115
122
102
94
152
87
129
167
126
114
155
102
180
107
100
177
116
185
107
158
56
98
159
112
97
98
114
109
112
188
229
76
112
95
51
67
91
220
103
150
118
93
90
170
83
101
83
104
180
199
140
175
98
130
146
142
115
115
162
161
118
76
104
177
116
173
119
143
125
85
75
121
97
96
135
