35
35
40
58
60
56
50
54
57
48
48
59
60
60
59
56
54
60
52
53
47
55
61
58
58
59
57
52
61
52
64
58
54
57
61
60
61
56
56
52
54
69
52
60
60
56
59
59
67
63
63
67
47
55
67
56
48
48
55
57
51
50
49
51
62
79
68
62
51
55
57
55
60
56
56
55
47
47
60
53
60
61
58
55
71
62
62
61
66
52
63
65
62
52
52
52
52
52
58
67
50
47
47
51
51
52
55
60
65
70
57
54
56
69
49
53
55
54
58
45
59
64
57
52
70
57
52
53
63
57
58
55
56
52
61
61
49
49
56
70
70
46
46
50
49
61
69
51
47
47
65
68
48
48
59
59
53
54
52
56
51
56
57
54
48
61
56
63
50
66
62
52
53
54
52
52
54
57
49
59
74
54
53
52
67
63
56
63
63
57
59
60
56
47
60
52
56
48
48
54
54
62
55
55
46
50
52
62
52
57
53
54
87
80
62
50
50
55
55
51
52
52
56
56
62
47
52
57
56
56
57
59
53
57
62
61
53
53
56
56
62
61
50
63
63
61
62
47
50
54
52
64
56
55
53
49
68
53
58
58
52
52
57
57
58
58
66
54
57
52
63
57
56
61
71
61
64
53
56
52
55
56
48
47
58
55
51
51
50
51
47
48
49
48
53
59
47
53
61
61
51
60
66
50
54
46
46
49
48
52
53
65
63
57
68
54
44
53
58
59
61
62
59
61
55
53
45
50
53
52
53
53
61
64
52
61
49
56
56
52
51
69
65
69
73
66
55
57
62
58
80
55
59
63
50
62
48
59
47
58
59
60
61
68
53
58
47
52
52
51
49
47
48
47
51
49
57
61
67
54
58
64
63
50
53
61
48
54
52
69
70
61
51
53
63
48
57
56
53
62
67
63
55
68
72
47
65
49
51
54
52
57
47
47
54
59
55
57
57
57
53
64
52
56
53
59
46
48
52
58
59
46
49
51
50
56
50
60
63
47
53
46
57
71
51
62
72
72
51
53
49
53
51
63
67
61
49
55
58
58
68
59
65
57
60
64
75
56
56
61
69
64
44
51
46
50
49
56
46
50
62
54
51
58
53
52
51
57
46
52
44
46
47
49
57
59
74
74
73
50
53
57
52
53
56
47
47
49
48
55
52
47
53
57
58
54
48
56
51
60
50
49
47
47
51
52
53
45
55
59
54
51
64
48
57
65
59
54
61
56
46
52
57
47
66
54
46
49
68
58
60
64
59
61
65
65
53
47
60
47
51
53
62
67
68
47
47
47
45
56
61
58
56
52
52
56
53
55
55
62
54
64
51
49
53
53
46
51
48
61
58
55
55
69
65
51
68
65
45
45
49
55
46
50
55
58
52
72
72
52
56
51
55
48
62
72
75
75
51
53
55
56
51
50
50
55
55
59
51
58
63
61
72
67
65
55
54
51
54
51
45
45
50
61
58
80
56
56
63
54
54
50
54
48
51
56
59
58
59
48
65
52
60
63
67
59
52
51
61
52
67
61
56
55
53
58
60
51
57
50
50
51
56
48
61
59
58
52
66
68
56
56
56
54
52
56
51
48
56
47
51
58
53
59
67
70
70
59
52
59
49
55
56
47
52
49
60
64
53
67
52
60
67
61
55
55
49
49
62
68
51
61
58
58
47
47
62
45
60
53
55
51
51
54
54
47
53
58
58
59
69
50
55
53
56
50
60
66
56
49
64
64
53
58
68
61
65
55
44
47
51
53
61
60
56
52
56
48
54
47
50
47
62
65
61
45
58
59
52
54
51
68
69
72
62
58
52
61
51
51
46
56
52
50
74
54
53
57
50
62
47
55
66
64
50
52
55
66
66
63
55
57
48
51
54
54
47
62
54
65
54
68
67
61
50
58
50
59
53
53
57
46
53
52
51
47
61
50
63
59
56
56
55
65
66
61
68
66
55
52
49
61
68
57
43
58
63
50
63
62
56
52
62
53
55
56
72
69
53
61
62
62
56
54
61
60
59
53
54
53
66
48
61
65
49
52
57
47
53
64
56
53
63
52
56
51
47
61
58
53
53
55
50
50
59
68
64
52
52
54
59
61
77
63
56
51
59
49
46
59
52
47
63
47
47
50
62
63
65
64
64
57
47
57
61
51
50
54
58
59
62
50
55
65
63
71
69
75
75
45
45
66
52
52
52
62
61
64
55
47
57
67
56
62
66
55
72
50
43
50
56
47
67
70
65
65
47
59
51
47
55
61
61
52
58
56
57
71
58
66
63
59
56
51
48
45
57
50
46
52
64
63
63
61
58
64
52
55
63
63
54
57
71
58
66
49
60
64
57
52
47
53
59
61
64
60
50
57
51
51
63
58
53
51
53
50
52
52
57
56
53
57
61
72
65
50
64
53
67
54
52
52
54
56
53
53
58
53
60
69
49
54
55
64
64
61
61
52
59
48
57
