505
534
527
475
509
537
588
744
212
233
116
594
214
494
389
373
599
434
419
261
599
472
352
390
255
520
534
158
172
315
379
660
565
521
336
378
540
223
667
512
480
478
262
706
466
523
496
592
388
227
104
168
217
307
407
529
470
257
330
338
403
541
493
935
716
692
458
807
335
842
591
642
434
467
551
445
438
282
124
249
192
281
562
366
310
499
392
373
481
241
345
357
575
431
657
692
491
408
414
315
569
317
814
878
237
377
952
223
454
145
180
192
265
585
458
255
247
227
192
416
347
151
620
963
859
