42
45
30
46
43
45
44
39
46
39
28
31
32
31
35
37
36
55
38
19
18
57
44
44
48
73
53
57
44
36
44
43
49
43
44
53
68
68
68
79
65
56
41
52
44
37
29
28
34
51
48
44
40
45
43
48
44
57
56
38
37
32
20
15
20
19
25
25
17
18
24
22
27
33
34
28
27
21
16
20
21
38
27
23
17
16
17
20
26
18
31
45
59
50
32
30
42
66
52
22
19
26
25
23
18
17
27
24
21
33
37
28
19
24
18
19
19
36
35
36
33
32
25
21
21
23
32
26
53
59
55
39
32
25
27
21
20
37
36
28
26
26
34
39
43
36
30
22
31
31
23
23
22
30
31
28
32
30
37
64
50
51
40
57
55
33
31
30
39
33
38
21
22
33
42
41
24
22
21
26
25
22
19
42
81
52
45
40
45
39
36
45
36
24
21
27
29
18
16
30
28
30
25
31
22
23
21
22
26
27
40
63
33
44
48
44
50
42
35
33
31
31
32
24
15
16
34
30
30
35
41
32
24
32
23
21
35
38
40
25
26
39
24
23
21
20
25
30
29
45
38
39
38
37
35
19
17
16
15
32
25
24
43
50
50
67
56
39
29
32
49
36
35
27
27
40
44
42
54
38
38
33
34
31
39
39
30
26
28
31
36
37
24
22
19
22
28
33
52
53
48
39
45
58
44
26
17
17
24
31
48
44
55
47
47
48
65
67
70
41
26
28
34
34
27
26
33
35
35
17
39
34
32
31
23
18
30
27
23
30
27
18
15
20
19
32
36
42
47
60
43
41
45
39
45
41
47
41
37
34
37
48
48
51
45
41
48
42
50
32
36
27
40
31
27
32
22
18
17
30
28
32
32
32
25
30
30
39
50
49
63
37
40
42
41
50
41
53
53
42
42
38
47
31
24
40
29
26
40
39
27
35
48
47
38
28
26
20
20
17
23
41
41
32
49
61
43
41
45
40
45
41
39
39
50
41
47
45
42
37
35
40
34
30
40
35
27
19
33
22
27
21
24
19
19
27
29
37
37
33
30
26
29
22
71
53
58
58
58
46
40
40
43
47
46
75
74
43
42
50
42
38
36
48
35
45
62
43
41
41
30
43
39
49
48
34
30
38
31
35
34
22
30
33
30
26
48
46
52
35
34
25
27
26
23
32
30
45
78
78
44
41
31
38
41
37
42
51
42
51
48
29
40
25
29
17
17
18
22
15
21
15
20
30
30
25
35
52
47
47
52
58
51
46
49
48
38
38
30
29
29
26
24
35
76
36
39
37
31
28
24
41
35
34
31
45
33
39
38
39
45
33
35
38
25
55
47
59
71
92
44
31
40
42
37
35
42
32
42
48
37
26
25
18
15
20
26
23
26
18
31
37
29
39
46
40
51
44
45
48
43
86
60
45
58
66
38
35
21
21
18
48
54
55
54
34
34
34
31
36
25
27
22
25
28
17
24
29
29
32
51
68
41
40
37
42
42
36
30
26
29
34
41
47
43
39
38
34
41
36
43
49
68
56
67
65
52
51
49
52
37
48
50
48
50
47
41
35
31
35
49
43
40
59
42
48
44
45
37
37
36
29
28
23
32
38
40
40
38
45
43
52
50
48
50
34
40
39
37
20
20
44
38
38
40
35
25
39
42
44
40
35
38
37
41
40
34
33
31
31
33
18
35
41
51
52
58
37
42
36
36
54
57
39
32
44
37
38
41
43
72
60
47
39
42
43
48
39
51
42
46
46
44
42
41
42
39
47
53
46
36
35
35
30
20
34
47
47
53
33
31
50
62
45
54
54
39
34
32
57
50
50
44
58
44
73
53
54
48
38
38
43
40
49
47
48
65
44
44
42
48
44
43
28
40
20
27
27
26
32
34
35
70
54
49
45
37
56
42
45
44
39
30
35
49
41
42
48
36
31
35
35
33
32
32
50
47
50
44
69
34
29
22
46
33
40
35
48
49
45
48
44
44
45
36
35
33
21
26
15
21
50
37
28
41
38
42
36
48
52
46
43
43
42
35
23
41
33
31
38
34
41
28
60
60
38
48
39
38
35
45
27
28
57
45
49
90
52
38
39
44
40
44
44
56
74
43
39
58
46
39
39
35
59
42
42
48
51
56
58
67
62
42
43
47
41
50
48
47
38
35
30
90
42
43
41
43
45
45
51
44
37
35
59
35
35
28
25
65
60
46
49
82
89
39
36
33
38
50
57
47
22
22
22
19
21
47
58
53
45
45
39
39
37
34
43
46
65
52
30
32
34
39
43
47
53
59
39
56
53
53
53
41
36
42
48
46
45
43
68
69
75
43
45
42
36
33
32
36
27
39
24
30
40
45
53
44
66
47
73
32
23
34
46
61
66
52
42
41
45
37
44
52
44
43
41
47
42
25
52
58
58
58
52
40
39
24
37
23
19
25
44
44
44
41
61
90
23
29
32
32
44
50
50
37
47
53
60
38
44
50
49
50
54
34
28
36
35
32
31
35
34
58
53
52
38
33
31
39
33
32
30
54
48
40
34
57
56
45
59
48
51
52
41
39
29
29
29
26
32
16
18
48
48
42
73
39
40
37
65
37
37
26
35
43
59
45
39
43
36
32
39
19
24
16
32
22
18
19
25
29
29
29
29
38
41
27
24
28
22
16
20
30
29
30
31
36
43
43
61
60
47
43
39
63
71
72
45
33
29
28
34
39
42
40
35
46
51
52
47
46
63
60
56
45
47
45
57
75
43
43
29
27
23
22
17
16
24
40
43
41
23
22
26
27
20
17
33
19
19
33
27
24
29
29
28
43
41
36
34
27
32
31
34
31
32
32
32
29
30
26
29
26
39
40
42
48
49
45
44
33
34
34
26
28
27
21
22
50
75
