160
209
256
250
216
415
252
261
237
228
334
142
281
190
307
408
105
178
365
462
492
222
250
262
272
344
295
257
279
190
196
289
293
191
357
239
252
258
230
198
187
198
385
74
99
220
539
174
174
281
105
229
264
267
165
174
189
251
572
143
277
207
441
396
250
149
179
90
322
365
239
200
217
184
328
408
261
310
443
190
183
207
412
225
216
228
135
309
412
165
183
198
285
306
253
369
383
281
253
273
244
295
183
214
245
115
174
143
160
179
461
401
301
200
184
325
129
120
229
238
332
310
244
222
165
389
375
187
273
168
428
258
245
147
257
380
390
190
339
295
163
154
200
323
140
223
241
276
377
107
221
205
241
245
310
308
222
240
372
382
255
404
343
434
331
275
128
495
184
293
291
205
215
217
235
286
351
243
253
341
200
273
172
137
205
197
172
179
216
167
217
263
152
247
292
128
177
277
282
213
229
284
51
295
269
359
304
194
341
150
371
330
379
272
354
