48
125
125
222
149
70
96
123
112
55
42
115
114
65
67
206
145
312
91
92
123
76
60
107
92
92
373
76
80
219
80
154
139
76
137
159
161
102
68
80
190
157
174
177
180
198
182
181
174
118
64
159
182
54
101
67
145
75
112
112
199
200
272
202
193
273
115
69
55
73
94
230
171
117
181
262
209
214
78
127
49
55
302
291
142
119
129
102
226
287
50
95
90
392
158
145
118
124
78
184
89
73
80
95
80
141
176
143
177
213
112
63
152
151
136
111
85
217
106
149
175
161
106
183
207
161
73
204
177
154
104
69
138
105
158
69
232
195
189
226
170
93
86
94
157
61
66
142
70
317
259
75
60
104
52
52
74
75
103
71
216
181
69
107
147
95
108
78
84
117
132
153
121
201
134
119
93
104
328
239
179
194
119
82
78
70
139
148
159
217
128
97
268
166
240
203
121
174
114
163
185
89
168
111
95
162
157
163
90
179
69
54
94
94
131
156
174
93
129
76
100
123
154
130
71
57
166
115
79
114
196
137
52
160
119
109
130
130
134
96
96
224
131
111
270
108
115
198
109
252
167
179
108
97
64
271
54
43
78
168
113
128
128
300
102
75
120
131
106
199
126
84
146
58
110
142
158
84
70
85
175
108
84
212
104
70
121
59
78
101
87
208
189
130
146
131
127
169
204
104
94
211
171
187
187
190
104
87
196
65
