41
51
55
68
81
49
71
66
59
62
71
72
66
53
54
65
79
75
60
55
75
59
76
67
54
63
63
61
61
68
80
71
63
73
75
59
74
69
65
62
61
70
78
62
62
63
71
66
57
62
59
58
72
64
68
53
53
57
57
70
60
53
61
47
51
70
58
73
74
75
66
66
69
71
68
53
60
66
66
75
63
55
55
57
69
60
55
55
55
59
59
75
75
62
66
72
65
69
68
68
55
60
62
56
70
70
64
72
59
68
60
75
62
74
79
69
59
76
82
67
51
70
57
63
69
63
60
52
52
60
60
65
59
59
62
63
67
58
62
66
53
60
56
55
73
71
58
55
56
61
72
55
58
58
58
65
66
61
59
66
59
78
60
70
72
73
53
53
51
71
77
79
67
70
72
71
75
60
61
67
67
58
58
61
65
66
67
59
68
61
61
70
70
70
64
65
52
65
72
72
72
53
54
67
63
57
64
91
57
82
64
62
60
59
53
59
58
52
73
71
75
50
57
65
63
64
60
57
56
63
73
59
71
66
60
66
64
59
62
63
68
62
61
53
54
61
60
58
57
57
55
60
65
68
68
63
58
52
52
69
76
70
72
61
60
60
64
69
56
60
59
78
68
68
57
64
57
61
81
67
68
64
61
58
61
58
57
65
63
56
56
64
58
56
62
65
79
60
56
73
68
54
79
78
78
75
77
64
77
79
68
65
68
59
65
65
66
62
60
66
58
54
59
73
71
69
69
68
57
60
60
56
56
59
63
57
63
63
60
65
59
59
57
63
72
60
63
57
64
69
68
71
75
69
80
83
80
64
63
64
70
92
60
69
75
67
67
56
58
64
64
60
69
62
69
69
72
65
70
59
55
69
58
53
59
58
55
65
65
70
60
55
55
72
67
57
59
57
55
52
64
73
59
59
72
82
70
57
57
70
63
75
65
78
71
70
54
66
66
57
64
63
60
80
72
60
65
59
54
60
66
63
62
67
70
62
56
62
56
57
55
65
61
65
68
63
61
56
63
60
64
67
67
74
54
60
57
62
66
60
58
56
62
62
60
63
64
58
53
63
61
64
65
78
64
58
53
59
77
65
65
65
58
53
53
53
76
69
70
59
61
79
60
66
54
60
58
68
57
67
75
62
70
68
66
66
62
69
58
54
58
55
67
63
76
58
59
51
53
53
60
73
68
68
75
65
58
58
59
55
68
68
60
66
59
56
67
55
62
62
62
63
65
69
67
63
69
62
62
61
67
68
74
63
70
61
61
74
69
79
54
54
72
80
76
79
77
65
60
60
71
60
62
72
56
60
60
60
55
55
52
53
56
64
70
70
65
65
65
61
58
64
68
68
67
66
65
66
62
64
55
80
65
65
65
60
54
66
65
77
66
63
60
73
63
68
69
73
61
61
68
74
57
66
66
69
64
66
59
59
63
62
68
79
82
83
55
67
57
68
51
66
63
62
64
70
84
74
66
72
66
56
58
58
61
60
60
53
63
63
57
54
76
63
68
65
63
69
63
69
61
63
58
55
64
57
58
63
73
57
69
69
57
59
57
68
67
63
63
63
58
64
65
73
65
59
73
57
69
64
61
57
58
54
61
72
81
85
55
59
64
67
67
62
63
67
56
63
63
68
68
63
57
57
57
64
63
65
67
62
60
66
70
73
59
72
65
71
71
71
72
72
61
64
68
68
54
61
75
63
73
63
71
54
59
62
61
75
68
64
61
60
53
76
63
74
71
64
67
59
59
59
58
62
53
77
65
65
64
62
61
66
64
79
80
68
57
68
72
78
69
68
62
63
83
72
68
64
58
56
56
72
67
53
54
64
64
78
62
50
50
59
59
61
53
53
53
63
63
58
62
64
58
60
59
58
55
58
64
60
53
68
67
60
52
61
57
54
54
53
69
60
70
70
63
64
64
67
68
68
60
58
68
70
60
62
63
57
75
77
78
61
70
70
60
60
61
68
62
66
63
65
59
79
78
64
60
54
60
66
65
64
65
65
75
67
60
58
72
69
65
71
63
71
72
68
67
62
55
55
55
64
79
58
49
58
85
76
74
74
64
59
59
72
71
63
58
58
53
65
62
65
68
68
74
67
63
59
68
61
61
54
62
76
63
61
61
67
64
69
66
60
60
65
74
70
58
62
66
59
65
62
62
69
63
62
70
63
75
60
52
75
75
59
74
65
74
69
60
66
59
63
76
64
64
59
56
65
60
63
67
77
66
88
80
61
70
75
68
65
65
61
65
64
59
59
61
54
52
55
70
53
68
73
73
71
67
67
70
63
57
53
68
68
57
60
67
76
65
59
58
71
58
66
79
63
63
63
68
79
66
58
58
63
63
67
61
63
63
85
68
60
85
87
64
57
79
71
70
78
68
74
64
60
60
66
55
55
66
59
70
87
57
56
63
63
62
74
61
63
52
52
62
61
64
61
65
78
71
57
78
73
59
58
58
54
59
51
64
63
62
56
63
77
62
72
65
70
68
66
63
75
59
65
68
67
62
64
62
61
61
57
58
52
57
57
63
62
65
68
62
61
65
74
70
53
59
61
58
61
60
57
56
58
60
66
61
69
73
58
