63
107
116
113
129
146
131
126
78
82
114
88
79
69
89
93
83
80
81
112
96
80
82
95
98
100
97
92
77
111
127
117
124
104
118
116
106
176
97
115
93
98
138
136
107
89
101
173
200
137
121
127
116
112
108
100
96
106
155
80
88
82
100
126
121
138
100
123
105
114
102
104
101
173
91
101
113
100
105
110
95
84
115
111
97
126
84
94
77
98
93
85
99
113
101
190
100
80
120
136
139
138
113
123
95
109
120
140
55
127
95
89
102
168
121
150
86
162
124
129
136
186
117
80
106
90
142
66
96
76
113
92
127
106
132
92
97
104
88
70
99
127
189
109
120
122
106
97
85
89
93
159
126
83
83
156
120
128
98
104
90
81
113
127
133
76
105
124
139
95
79
91
102
145
179
135
147
155
139
86
80
80
93
90
75
73
82
132
96
117
148
91
88
89
77
62
116
98
127
98
122
100
103
91
103
109
113
122
109
77
80
90
90
100
113
93
112
104
98
96
82
81
83
83
59
98
81
71
131
111
127
87
87
137
164
101
132
135
118
139
93
164
157
118
113
149
142
138
138
137
83
157
136
75
136
119
114
112
72
98
104
88
110
147
110
88
89
80
87
76
88
147
140
116
95
97
84
99
75
78
119
95
189
115
109
98
108
127
114
101
79
85
125
72
61
160
118
88
84
106
99
114
101
62
78
93
92
99
97
83
108
101
114
142
87
106
97
109
79
107
126
110
197
105
87
113
119
75
110
88
142
149
70
65
79
74
70
93
75
102
201
99
129
101
87
94
70
91
103
121
92
85
97
96
84
107
103
96
70
96
80
100
84
85
78
90
93
115
58
96
95
137
111
82
103
143
135
109
119
104
79
90
93
76
157
107
159
150
114
80
76
77
115
101
92
86
73
75
100
99
94
109
116
112
91
83
130
146
136
99
87
92
91
104
110
106
138
134
135
104
105
94
102
98
169
98
108
104
85
100
106
91
115
98
100
86
85
112
97
154
99
93
143
132
101
128
134
105
96
103
83
89
98
109
179
109
120
57
89
117
134
106
96
76
92
107
103
90
84
146
156
105
86
85
77
103
97
106
127
125
99
118
66
128
138
129
87
111
78
143
85
74
107
148
90
100
104
118
126
111
124
122
116
87
65
73
80
113
76
93
126
120
98
90
162
108
100
84
64
82
86
95
133
115
120
91
95
106
104
108
86
137
126
113
80
83
86
89
132
126
145
84
89
118
115
93
111
234
210
94
137
66
78
67
70
92
107
117
86
104
108
132
216
140
134
132
115
122
151
69
128
145
109
95
79
96
113
