116
280
160
521
469
370
383
481
175
364
542
390
98
326
346
219
331
294
345
316
449
313
336
145
193
197
368
401
369
158
136
225
212
673
324
181
174
292
434
535
217
210
262
643
596
121
201
185
220
148
545
332
463
427
187
84
141
215
437
244
292
371
273
217
252
230
318
326
343
300
194
471
187
100
142
186
407
177
224
406
246
226
276
277
257
431
383
350
387
426
426
198
217
279
335
366
370
189
390
337
377
268
202
264
219
233
141
204
235
146
85
356
133
169
235
476
466
258
493
113
568
328
337
245
564
310
268
287
387
289
213
220
194
224
232
322
110
101
406
376
279
411
448
284
531
577
164
402
412
300
309
169
294
96
163
280
298
313
360
231
323
286
392
326
292
218
260
329
514
564
713
326
309
469
347
215
347
372
123
514
432
474
186
