41
47
55
71
60
60
79
66
60
55
60
67
70
66
71
59
59
63
58
64
70
59
59
65
68
70
63
67
71
63
66
55
55
66
69
75
63
78
82
71
75
69
72
57
75
60
61
57
58
57
77
79
65
61
57
62
69
57
65
53
66
63
81
65
65
74
53
58
80
60
54
68
59
64
65
67
57
62
72
61
58
74
80
63
62
71
72
67
62
65
63
68
79
76
59
59
58
57
58
58
58
64
65
64
63
64
59
59
68
86
84
58
60
60
65
52
59
63
56
62
61
66
66
63
73
67
62
55
59
61
58
67
60
63
56
55
55
65
62
59
53
72
65
68
72
53
69
63
53
58
67
79
69
80
71
70
63
69
69
63
63
68
67
66
58
71
63
63
58
69
58
58
59
61
59
60
87
93
64
68
79
58
64
57
60
61
61
61
60
57
57
74
63
59
64
61
57
81
66
64
64
69
60
63
59
65
69
64
64
63
67
63
63
66
70
70
70
74
77
53
53
61
57
59
59
58
60
71
75
63
58
53
55
58
64
74
60
59
58
63
59
61
61
62
71
55
63
63
74
75
68
86
86
72
65
59
58
66
61
55
60
63
66
58
69
65
69
69
62
63
71
65
73
60
59
62
68
67
68
74
79
75
69
67
69
74
69
57
62
84
79
64
68
73
73
64
68
58
63
56
56
59
65
64
59
63
59
63
73
75
63
53
67
60
63
67
61
67
66
60
75
74
72
65
72
82
71
64
69
66
65
75
71
74
75
69
70
59
54
60
67
61
60
57
57
76
61
73
72
53
67
67
55
52
52
64
64
73
56
84
74
74
58
57
57
63
70
76
61
67
70
69
65
54
66
64
64
55
78
56
53
58
64
54
80
83
55
71
64
68
64
64
63
63
63
62
55
69
67
63
62
70
65
70
64
64
67
67
59
71
74
74
55
61
66
66
60
61
57
62
68
61
74
62
52
58
52
56
56
53
63
59
64
67
67
62
53
57
69
73
71
79
71
67
68
57
57
76
61
67
67
64
60
61
55
61
57
59
53
53
72
66
67
61
63
58
54
53
55
55
58
58
62
64
67
84
66
63
65
69
51
54
63
61
60
59
65
59
59
53
55
55
55
61
62
56
64
59
63
65
68
54
73
54
51
68
61
61
67
64
67
67
69
58
61
62
59
57
53
73
75
70
79
73
64
71
72
64
73
62
68
80
69
63
69
62
73
65
61
72
64
59
57
71
66
71
58
60
74
53
62
66
69
56
65
59
59
52
59
66
66
73
62
62
64
57
67
71
62
61
69
54
61
61
61
74
67
61
68
62
52
65
60
58
71
74
66
72
72
78
79
63
60
53
65
63
63
71
76
78
54
54
70
67
65
69
68
67
65
59
63
73
59
69
84
65
56
57
61
63
66
64
68
51
55
55
56
63
66
66
59
65
62
65
76
86
72
60
62
61
56
60
66
62
62
70
64
63
52
52
52
52
64
79
71
65
61
58
53
68
60
64
67
67
64
62
59
69
71
69
58
63
63
62
64
74
73
82
68
63
63
58
58
63
57
74
66
58
63
73
71
60
60
65
79
64
63
59
54
57
58
58
61
61
62
71
69
69
65
55
59
64
63
65
62
68
68
65
62
62
74
78
57
78
59
80
71
64
56
62
63
59
71
65
79
63
57
62
62
62
76
71
57
63
59
67
67
64
59
59
77
54
65
57
68
60
70
64
63
62
62
62
60
77
75
63
65
58
61
59
69
64
72
70
71
59
74
50
62
62
68
64
57
59
64
66
60
60
66
72
70
70
54
68
63
71
67
60
60
60
59
59
63
58
55
64
63
57
67
60
64
62
58
77
57
59
56
61
73
69
60
58
58
60
71
77
71
71
54
59
63
70
68
64
73
73
73
59
62
54
67
72
72
66
75
69
67
60
56
54
53
63
59
65
59
65
59
73
66
62
67
61
66
67
72
79
63
67
59
55
63
66
54
52
61
68
68
58
75
59
63
65
64
60
69
62
66
66
59
55
55
67
70
63
64
74
60
61
75
64
64
63
59
77
66
66
68
52
63
57
56
56
56
67
69
70
73
53
66
64
70
62
58
59
60
66
58
67
65
83
54
65
65
65
62
81
57
58
60
65
67
63
89
90
59
57
66
56
63
63
52
55
68
64
69
68
58
77
75
68
67
67
68
56
69
73
68
71
77
57
57
51
62
68
61
77
61
61
67
61
66
63
56
77
76
81
70
64
64
60
62
66
70
66
74
77
76
58
58
59
66
66
66
73
51
56
63
71
72
65
55
64
57
67
75
79
58
63
63
59
59
55
61
71
71
64
59
62
58
69
82
51
51
57
62
70
64
79
65
64
65
72
68
83
68
78
58
53
59
59
68
76
62
63
63
62
66
65
74
74
60
67
67
65
62
58
63
57
61
52
58
59
79
61
72
78
70
61
67
64
61
65
73
59
63
86
58
65
65
57
69
64
75
61
55
64
64
68
