30
163
99
82
88
181
200
118
74
131
87
111
193
187
187
213
205
209
111
199
153
106
138
120
115
177
189
180
197
207
177
202
159
137
171
109
158
115
120
187
147
110
145
95
94
135
60
231
119
107
143
139
135
211
193
226
95
197
203
178
162
96
119
160
233
201
175
178
147
123
155
166
98
161
156
318
108
110
104
182
339
151
106
149
117
84
156
234
148
136
158
158
136
96
87
166
157
93
184
259
242
97
132
308
100
67
191
228
184
210
139
169
137
86
167
181
79
147
147
89
104
177
167
191
185
160
111
117
366
141
178
153
163
149
92
97
140
199
158
145
198
143
305
188
137
200
142
215
201
172
151
202
140
122
157
135
160
150
201
131
150
286
260
141
160
153
254
204
107
223
369
154
140
119
74
177
220
189
139
139
180
127
98
165
323
268
176
148
185
148
154
147
153
100
182
232
188
177
247
204
191
167
207
182
165
261
85
144
127
232
134
177
139
237
228
160
247
277
126
194
99
182
80
218
254
152
238
148
293
323
297
155
204
133
191
110
225
365
78
157
178
284
217
77
131
249
219
149
158
61
99
230
173
167
201
198
210
133
99
150
160
194
277
168
123
114
137
97
172
185
259
158
157
187
144
88
128
181
151
92
195
344
160
120
110
260
266
131
164
156
157
178
145
179
182
194
218
141
116
128
180
71
97
109
147
143
149
170
137
231
229
210
151
110
120
155
145
276
221
140
154
124
126
129
160
166
96
115
136
134
110
166
84
100
248
152
184
112
95
320
144
83
100
252
252
253
214
160
261
120
98
167
420
228
197
150
264
150
194
124
158
139
135
134
185
179
205
113
134
145
123
147
132
121
147
148
219
146
112
105
128
