74
152
60
149
334
325
138
131
103
207
109
101
159
239
170
194
189
179
76
130
167
173
146
181
172
136
188
94
124
89
163
127
104
127
193
146
150
94
184
111
139
165
261
180
166
94
71
113
110
170
98
135
122
116
79
146
116
176
228
138
236
225
165
250
110
170
220
93
253
232
171
167
170
282
288
135
122
166
202
142
160
169
70
203
121
104
62
212
213
163
155
70
143
140
165
152
82
148
71
164
121
140
162
83
87
102
64
127
179
182
283
225
101
169
71
116
114
96
159
162
103
203
156
213
244
208
137
221
136
117
83
68
135
160
157
223
204
222
258
258
190
110
224
285
219
90
86
113
102
177
164
190
164
123
171
185
68
110
117
80
93
103
190
151
235
131
134
153
162
199
202
159
108
176
134
169
120
125
142
60
85
92
173
136
159
170
143
274
122
164
184
88
136
172
216
211
157
113
243
168
167
161
137
119
176
128
160
117
168
192
155
232
91
135
238
245
224
250
206
115
124
132
70
147
196
200
208
97
112
114
187
72
137
195
231
84
70
69
180
104
176
83
118
252
203
250
190
137
190
181
187
153
161
168
155
148
164
109
227
201
88
117
137
74
195
128
113
164
126
111
110
149
146
133
115
183
125
217
115
122
181
143
136
131
151
154
132
139
186
106
145
157
260
173
159
112
120
98
80
177
109
87
59
120
81
179
145
94
167
101
112
188
93
91
202
270
215
168
223
241
171
176
95
144
156
208
211
128
153
225
204
132
109
98
140
155
125
102
137
195
135
129
183
165
124
118
149
139
121
118
95
189
237
96
158
89
67
105
