113
159
172
193
194
79
145
154
68
160
125
142
136
164
179
197
219
181
131
196
136
213
140
134
124
113
161
198
133
159
183
122
170
207
150
161
213
89
102
154
67
264
131
169
177
192
160
116
225
216
238
107
90
135
121
164
325
342
243
159
99
212
103
202
150
260
189
169
138
130
310
280
204
183
167
166
306
178
128
142
174
110
136
122
239
160
143
174
90
102
132
247
180
185
161
97
67
276
112
112
205
208
141
131
189
92
81
133
174
193
224
207
143
111
135
164
206
120
145
138
121
129
153
96
96
168
235
235
324
319
152
169
251
125
162
76
233
155
76
192
204
78
79
168
220
132
191
181
179
113
109
133
158
103
179
172
107
115
125
86
145
141
153
149
280
398
136
115
182
151
122
220
305
160
170
138
270
145
152
136
147
94
165
171
160
90
133
292
89
111
117
122
157
116
143
138
93
193
168
204
206
164
146
250
172
166
146
115
115
134
176
109
137
168
249
200
255
96
81
183
203
190
108
208
132
361
152
151
170
113
109
273
186
150
189
233
179
130
163
81
77
237
198
235
120
150
175
131
111
159
209
251
239
254
232
156
91
144
150
138
214
157
170
218
142
150
185
108
207
145
131
146
208
149
154
116
141
121
123
89
171
154
130
214
182
187
140
142
114
148
189
167
213
143
238
92
79
109
189
201
161
133
214
158
149
171
133
123
180
188
192
185
169
256
141
230
194
217
92
161
182
162
147
161
166
105
200
172
113
119
218
99
152
87
125
296
155
193
204
194
189
219
161
94
361
244
234
226
150
210
189
187
87
128
137
165
145
108
196
253
253
182
129
123
113
189
166
93
165
199
139
141
222
100
126
178
154
147
