38
52
52
54
54
60
70
70
63
61
46
57
60
73
66
56
57
59
62
64
63
72
78
71
63
67
67
67
60
68
67
61
66
59
59
60
73
67
70
73
51
56
52
55
59
64
66
64
51
56
58
53
55
65
78
71
73
50
54
54
76
68
58
63
55
55
54
54
50
58
61
55
65
59
60
58
61
72
60
56
66
73
50
58
58
68
76
65
57
59
68
76
59
58
49
66
65
65
76
60
64
65
56
57
57
61
64
62
70
56
57
69
56
77
55
55
56
56
51
56
58
56
51
51
63
68
48
61
66
66
66
56
65
69
65
55
52
56
57
62
55
55
62
60
65
62
57
58
58
62
63
58
68
67
61
64
70
70
56
60
69
64
61
59
64
68
50
57
84
79
78
57
63
53
62
62
53
66
63
66
64
56
58
52
62
51
56
68
60
54
56
58
51
51
51
55
61
55
55
59
64
74
70
62
58
56
55
57
67
53
61
70
67
56
61
67
66
65
56
56
59
56
68
60
67
65
65
50
54
51
50
50
61
61
56
56
62
62
57
50
61
68
69
54
55
55
79
67
61
64
56
69
60
57
66
73
77
57
68
72
59
54
64
64
64
55
55
59
62
62
63
66
56
55
55
55
55
55
62
74
50
48
53
62
59
55
55
70
54
72
68
65
58
57
59
70
56
62
70
77
72
66
56
64
59
55
56
67
66
66
73
75
66
68
66
68
49
56
56
57
60
61
56
67
56
74
61
64
58
76
76
65
55
61
63
62
68
66
82
61
69
56
65
64
66
61
62
68
62
56
50
55
55
64
62
56
61
55
55
55
62
56
61
66
62
57
50
56
59
55
61
61
63
56
48
53
53
53
60
80
51
58
58
57
57
56
65
68
62
93
61
60
56
59
60
60
57
52
50
69
54
52
66
56
57
61
65
62
61
55
56
49
54
52
62
58
66
61
53
68
65
57
66
64
55
68
60
55
62
59
57
65
50
56
61
61
56
60
55
67
63
64
55
61
61
69
51
59
55
50
76
82
74
72
72
73
73
69
61
66
75
82
59
62
55
55
68
68
54
50
59
71
64
69
60
59
61
59
50
66
62
73
67
49
48
48
48
54
58
62
52
63
63
64
70
55
64
51
56
58
57
58
66
63
65
58
60
58
54
54
50
53
71
72
65
56
62
69
65
67
60
55
73
53
49
55
64
64
65
66
56
62
70
59
54
60
60
68
72
62
62
62
70
54
54
65
54
54
56
66
52
58
55
59
62
55
65
61
63
67
59
50
50
70
55
71
65
52
58
67
68
54
62
55
62
74
60
67
66
67
73
68
77
71
54
54
59
59
57
64
58
58
63
61
66
66
64
63
50
55
67
58
59
62
65
53
53
56
71
70
57
58
75
79
79
53
66
64
64
59
53
52
67
63
59
59
59
61
63
56
53
55
50
53
60
60
61
68
57
58
59
77
85
85
65
65
63
49
62
68
77
67
62
60
60
55
50
64
56
62
66
61
65
55
69
68
52
65
66
64
59
55
61
68
58
61
56
63
63
63
53
57
60
73
54
60
66
54
54
55
76
61
59
55
64
68
59
59
70
62
55
65
51
51
58
70
70
67
69
69
59
52
54
54
69
72
56
70
62
67
63
79
75
60
66
62
65
58
64
59
59
55
63
59
59
59
58
56
58
58
61
57
69
71
53
63
68
69
65
62
60
57
58
68
68
62
55
58
52
64
63
75
61
63
56
69
78
75
56
62
59
58
56
51
71
61
67
54
65
57
55
58
53
61
63
51
61
65
60
74
62
57
50
57
66
49
58
54
52
57
57
63
67
65
54
62
63
75
79
57
77
60
56
53
53
54
55
60
68
65
65
61
61
64
63
63
73
67
75
76
63
57
67
56
67
54
58
58
65
59
65
60
71
75
67
66
56
56
60
68
69
72
62
69
62
57
59
60
60
50
66
67
70
82
56
62
56
56
57
63
62
64
71
64
72
75
59
52
76
46
56
67
67
66
61
69
68
55
61
56
62
62
62
72
59
63
64
59
65
65
57
61
61
64
64
66
67
69
64
68
55
60
61
59
67
60
68
56
64
67
65
68
55
59
62
50
48
59
71
58
71
72
62
56
50
55
55
60
59
80
69
63
52
65
67
56
57
60
64
61
58
54
67
79
71
60
55
57
63
63
70
70
71
62
56
58
58
66
67
56
54
58
58
58
62
68
67
50
66
51
55
65
65
60
50
59
64
65
74
54
58
64
62
63
57
68
48
69
59
62
55
63
60
73
69
72
66
69
64
75
63
63
56
70
55
65
65
57
60
66
58
51
49
59
59
65
55
59
54
61
61
74
66
70
71
56
65
69
56
66
62
80
68
48
57
57
66
53
66
70
64
66
61
60
65
66
69
64
77
75
60
60
55
65
70
59
59
59
62
60
75
62
74
52
57
56
50
64
67
60
54
64
67
61
61
67
67
62
56
64
56
57
55
59
58
71
60
65
76
76
65
59
64
83
79
70
52
74
57
57
59
58
62
54
69
59
85
76
56
66
72
71
60
70
63
55
68
74
