139
101
94
136
128
158
133
102
87
78
89
98
72
73
107
130
123
106
102
118
110
112
137
126
96
99
85
111
119
131
106
112
115
98
108
99
111
117
99
141
109
114
108
103
107
101
92
98
153
89
117
104
100
168
113
91
118
86
136
133
89
127
121
101
123
101
90
100
83
118
115
77
92
146
98
106
99
150
106
102
82
86
87
91
147
107
137
117
94
165
143
117
123
139
92
107
118
122
133
172
148
132
116
98
146
127
98
143
166
130
74
133
195
138
111
95
81
104
100
104
78
137
93
82
84
109
104
144
201
110
124
113
109
80
127
91
97
136
147
155
138
90
81
112
92
174
149
87
107
107
159
140
155
140
154
154
147
126
98
101
106
129
126
119
127
90
87
96
106
98
80
104
90
136
139
143
130
125
138
95
106
115
121
90
115
118
147
126
96
79
105
91
102
116
127
106
124
123
98
111
73
93
78
89
147
86
98
108
106
89
143
118
118
95
102
92
83
105
95
76
122
94
147
78
108
110
154
157
163
117
111
148
88
84
105
157
90
121
87
170
121
110
103
124
137
127
97
122
102
95
135
134
87
122
111
134
89
102
103
92
74
91
91
137
117
157
129
159
125
130
103
72
72
104
103
113
124
115
105
126
125
105
108
112
93
98
152
74
96
113
94
116
116
107
109
125
95
152
112
88
93
89
127
85
109
163
165
107
160
120
132
78
83
106
112
82
101
83
125
106
103
112
124
110
103
116
100
62
97
106
126
118
95
110
150
180
156
150
113
105
117
94
101
116
138
102
123
139
181
123
117
163
89
132
112
102
112
127
115
109
136
105
86
121
108
112
105
105
114
109
115
81
97
101
130
106
94
90
94
114
109
125
169
119
116
144
114
83
78
78
88
98
126
120
108
105
69
70
84
87
102
95
100
73
92
132
102
130
96
101
129
125
181
151
106
87
120
116
148
168
98
116
91
92
86
88
120
100
132
123
82
110
112
90
86
70
83
95
80
174
96
98
92
108
150
113
98
87
111
218
108
101
84
91
145
90
86
116
98
94
103
124
93
80
122
103
86
87
149
103
141
143
112
84
91
134
140
124
87
78
76
117
148
119
132
143
129
96
97
97
119
79
77
99
144
153
248
95
115
124
106
106
92
89
102
119
99
92
102
129
91
94
95
114
93
109
91
120
