92
124
146
93
101
147
265
259
159
145
196
253
239
139
152
208
201
190
178
229
170
113
137
142
129
160
175
118
183
163
207
141
108
110
90
135
157
145
89
161
232
132
82
257
211
86
85
87
67
113
110
184
169
106
153
204
94
149
105
299
124
111
217
260
261
247
90
165
284
228
142
98
81
81
189
128
98
113
108
226
134
131
139
228
113
97
116
165
126
196
183
177
122
154
185
52
56
150
149
80
161
149
157
139
65
149
109
144
72
144
284
151
213
231
225
153
87
115
141
146
76
124
132
88
152
90
139
157
132
191
119
147
226
198
88
187
175
162
125
88
90
102
87
161
158
280
138
248
241
235
221
242
271
154
190
144
129
84
136
173
274
144
183
183
195
170
128
71
115
155
163
232
120
113
157
125
119
183
237
461
127
192
167
155
162
161
222
245
176
170
184
151
204
193
100
158
213
146
106
167
206
169
205
177
104
180
205
133
206
203
231
166
179
179
80
75
160
102
147
215
155
146
82
67
154
252
247
225
172
185
179
158
215
86
151
167
85
172
265
245
208
174
311
94
114
361
363
171
97
86
172
112
132
159
129
173
189
112
112
115
233
251
90
102
136
124
130
201
147
188
212
203
203
131
108
141
181
129
153
161
126
181
139
91
279
102
119
119
90
136
157
160
151
152
205
187
105
130
323
112
134
218
117
134
119
188
157
152
196
158
113
194
210
151
166
180
166
119
162
162
164
173
220
86
177
115
144
170
74
106
86
147
235
207
147
149
194
132
149
139
206
137
129
182
224
81
128
316
205
195
96
117
202
118
233
101
166
169
147
123
156
105
138
185
85
141
130
124
131
130
173
148
111
128
110
127
146
125
142
176
153
126
181
166
99
