158
137
145
159
147
369
246
102
103
155
98
118
137
131
139
175
207
176
182
112
180
82
128
214
242
329
109
136
205
246
219
216
135
101
312
193
189
203
86
246
126
99
155
210
222
199
263
152
122
143
116
304
217
247
134
199
195
127
143
128
309
167
154
175
341
275
183
199
404
381
306
292
209
157
166
217
154
113
117
141
132
83
113
157
161
375
317
232
262
242
250
228
92
127
387
148
330
235
162
124
149
233
168
186
174
117
127
122
102
204
130
139
138
375
279
116
200
202
169
171
139
160
145
145
188
218
151
208
211
96
156
171
170
190
140
99
156
145
164
166
227
110
120
198
116
139
250
141
204
150
286
258
216
246
229
152
211
108
72
122
83
245
135
229
253
138
144
180
249
255
374
133
229
168
229
255
142
159
183
64
113
149
120
131
156
149
111
162
189
157
73
155
193
192
121
121
191
159
233
133
181
121
348
196
133
238
171
133
167
234
276
180
160
212
176
232
136
127
207
235
266
142
50
81
199
137
119
215
246
86
106
169
176
226
101
150
161
196
244
144
143
131
86
79
118
243
140
189
178
96
127
208
434
137
137
121
110
157
167
133
208
161
63
228
288
171
196
97
155
184
298
95
91
232
178
194
187
189
137
210
104
113
169
152
133
166
152
126
119
