179
189
202
197
156
126
302
267
370
424
506
509
237
171
304
139
122
166
308
286
209
157
424
410
591
592
365
197
154
262
308
204
305
127
277
209
228
143
202
298
222
219
138
348
317
144
279
242
231
301
267
159
235
526
329
341
177
225
241
251
223
88
165
188
348
229
327
402
209
478
462
359
439
263
337
397
177
472
438
224
192
296
329
325
361
309
268
162
229
352
267
151
240
241
438
324
254
333
245
238
217
155
268
195
192
218
93
203
165
199
283
308
308
175
137
192
211
173
239
191
277
155
121
171
372
272
222
363
332
261
686
219
210
275
376
180
211
149
125
169
133
113
274
354
417
273
195
479
288
63
242
252
126
176
231
261
188
226
279
324
317
411
148
216
191
175
161
525
233
281
202
335
325
145
213
494
162
184
155
171
281
219
209
155
285
280
428
131
216
293
297
290
279
247
328
159
361
218
361
138
294
136
284
281
211
226
369
293
210
240
268
373
297
342
514
243
291
