34
189
203
208
168
164
87
96
117
123
152
133
171
123
138
209
147
191
165
140
235
80
157
156
239
190
218
256
196
275
205
125
243
179
151
170
238
286
135
214
183
251
249
156
234
218
152
152
193
284
202
197
217
312
281
206
216
252
235
227
140
244
225
196
218
179
225
201
149
267
169
175
286
333
145
115
129
235
169
120
136
205
132
221
222
190
87
185
234
221
146
158
159
153
174
114
138
317
145
155
150
217
155
206
142
153
143
180
237
291
97
191
173
134
139
146
171
118
149
78
229
210
129
218
189
239
226
178
269
280
175
300
244
129
231
248
120
144
235
250
311
147
198
140
91
94
115
137
136
199
218
202
142
259
177
321
175
136
161
190
158
77
169
115
114
198
169
123
148
151
159
171
171
122
160
218
245
212
207
173
196
157
305
165
158
236
308
111
162
199
122
139
123
178
239
179
148
230
77
224
234
136
207
158
125
235
111
237
212
127
158
208
129
240
115
154
134
143
121
282
96
123
111
232
246
207
167
177
124
183
160
88
102
205
209
153
131
183
196
183
338
315
84
211
215
192
175
151
100
130
114
112
109
214
142
126
147
145
114
149
249
85
74
126
314
177
195
94
113
195
119
162
126
112
104
122
301
382
171
169
