229
327
392
119
143
191
165
170
409
130
273
58
141
171
147
299
423
429
243
152
529
311
174
408
230
436
380
306
501
451
412
584
523
359
235
616
196
212
220
287
209
279
122
368
430
243
177
174
289
194
194
365
400
231
384
125
257
517
114
218
305
146
124
291
82
306
372
247
284
328
192
205
141
244
677
369
323
345
487
459
456
246
380
250
251
588
162
217
158
154
344
449
198
434
567
583
613
366
651
164
212
191
215
375
191
203
91
384
439
472
392
154
307
509
127
223
305
281
484
483
326
313
358
160
134
353
238
319
108
120
253
119
225
115
125
113
187
211
290
297
158
425
260
158
303
376
212
143
181
405
394
201
414
102
357
434
776
485
751
254
305
228
331
276
498
643
150
105
379
