141
103
339
155
113
152
134
65
120
91
108
164
113
118
106
150
247
118
110
70
102
114
213
67
65
232
92
146
265
116
145
229
68
60
81
152
245
157
231
119
103
184
116
113
85
163
186
125
102
132
136
131
132
199
145
203
92
102
170
162
197
193
71
175
139
156
137
167
152
145
144
110
69
236
102
126
212
204
167
190
193
150
209
308
155
175
131
197
164
104
144
94
96
174
114
86
112
96
101
139
69
297
108
170
139
170
112
106
71
185
154
157
73
79
172
117
110
163
231
169
73
121
132
65
63
105
165
143
122
150
158
148
118
155
73
200
292
160
171
110
200
161
169
246
244
98
102
82
44
93
55
120
62
75
139
95
120
70
107
143
102
196
220
244
122
155
92
67
96
81
80
55
136
189
173
119
68
122
139
148
81
167
217
108
181
161
133
109
270
89
131
68
131
156
162
102
158
135
243
202
124
106
80
52
157
91
126
354
150
101
208
117
107
110
53
42
73
145
160
148
52
99
171
234
135
54
143
99
81
160
140
122
143
111
100
135
107
75
69
109
98
156
224
103
120
104
108
103
69
109
209
166
146
168
167
250
103
62
93
123
184
202
195
115
164
88
72
135
80
273
131
164
143
102
67
62
186
202
89
84
186
115
113
94
93
78
82
86
96
253
130
163
200
141
81
124
70
