297
284
221
292
302
242
411
332
168
145
184
496
505
315
212
322
361
452
439
223
357
337
334
508
346
210
175
156
644
352
296
308
173
346
230
482
289
262
382
268
85
213
208
550
168
174
154
232
413
472
162
148
169
176
352
172
226
290
372
648
322
403
499
294
285
265
533
264
128
193
205
234
327
335
154
284
184
385
313
111
122
322
305
209
597
178
210
394
337
249
259
265
442
355
477
211
143
453
427
561
320
249
418
412
244
444
456
362
269
355
398
397
409
400
280
484
195
363
309
237
341
379
393
606
423
346
367
587
268
173
312
186
167
417
256
401
213
343
331
166
336
518
273
508
202
261
181
77
215
362
231
235
377
393
291
535
609
360
285
496
347
271
493
418
311
256
166
255
299
301
128
398
235
154
251
228
309
723
301
561
193
444
510
375
306
218
284
278
142
