44
31
54
68
53
41
50
35
37
40
40
30
26
30
20
21
19
41
48
47
52
72
63
63
50
46
49
51
52
50
53
50
43
58
47
58
58
65
46
40
36
57
47
41
38
32
44
28
34
48
45
47
56
45
54
60
62
59
39
35
18
28
29
27
24
24
38
23
30
36
32
36
25
24
22
20
20
21
21
40
57
68
44
58
70
61
46
29
23
21
27
21
22
28
21
38
30
22
25
22
22
31
30
35
29
27
56
57
63
55
48
45
24
19
39
39
39
30
30
45
42
31
24
24
25
27
24
25
34
29
35
33
33
33
39
39
74
64
53
59
55
57
53
48
44
41
35
47
45
45
24
37
19
29
33
44
42
46
38
36
31
23
33
34
30
34
30
25
23
41
47
47
48
52
42
48
39
39
40
55
35
39
27
31
32
32
24
24
22
26
27
26
26
21
37
30
30
25
34
33
38
60
66
66
66
35
52
42
39
48
53
34
32
28
39
33
24
19
22
22
22
26
35
35
39
45
32
26
30
23
35
32
24
30
29
45
38
36
32
27
23
28
50
48
36
28
32
32
28
24
34
34
41
28
28
62
40
35
37
44
40
44
37
25
30
36
42
47
57
54
40
40
40
36
37
35
40
35
29
29
40
33
24
29
30
35
64
63
23
28
21
40
46
62
62
49
49
55
53
59
57
56
59
74
55
67
44
41
38
37
35
33
32
24
29
30
24
48
48
42
38
44
44
40
34
28
24
21
41
40
36
39
25
31
37
25
22
18
19
20
20
24
20
39
62
41
50
31
31
39
57
62
62
49
45
46
46
46
44
38
35
34
34
25
23
27
35
35
29
24
47
57
51
41
43
49
54
51
64
40
39
39
33
36
31
43
29
47
43
43
35
37
43
30
33
32
32
40
54
42
39
29
28
26
23
25
44
35
38
49
46
42
41
41
37
37
38
42
42
41
50
36
33
39
33
33
38
30
30
23
23
35
41
41
35
31
29
24
30
24
30
44
44
39
30
44
64
57
69
50
41
42
41
41
44
48
48
41
36
43
40
52
37
51
37
35
47
39
65
44
44
37
34
40
45
57
34
35
41
41
27
33
42
38
30
36
29
45
43
54
31
29
51
81
43
37
40
49
49
54
55
43
43
43
42
38
36
21
20
20
21
25
20
20
30
28
33
33
62
73
47
49
45
55
49
61
66
70
54
46
47
45
47
45
46
44
39
38
31
26
46
42
35
41
43
39
49
32
32
36
55
60
47
47
42
30
34
43
45
61
76
94
100
53
46
35
33
61
45
46
37
31
29
40
42
37
35
30
28
21
21
21
28
21
29
32
38
46
41
48
37
47
51
52
64
46
46
52
45
77
89
89
48
38
19
27
27
39
24
34
39
60
42
38
38
33
29
28
41
29
21
20
29
27
29
34
78
50
48
28
32
34
40
49
45
51
45
46
73
45
49
46
53
49
53
49
42
39
39
61
47
53
40
37
41
41
42
48
81
51
51
49
36
36
26
25
19
29
37
40
37
33
27
29
35
29
43
41
46
46
52
45
44
65
35
48
46
24
23
41
47
41
39
48
44
44
48
48
46
46
40
31
34
36
36
44
44
62
53
54
62
71
49
42
40
39
46
42
43
42
46
54
71
66
73
39
40
49
36
46
58
42
38
37
44
55
45
48
51
51
51
47
21
27
56
51
65
54
50
32
51
60
56
60
47
51
50
47
47
85
57
42
60
44
49
45
57
47
48
45
43
35
35
31
35
37
35
31
31
31
30
31
38
39
63
54
59
52
43
42
56
68
52
52
41
43
23
23
36
41
54
43
38
38
56
39
30
54
55
43
49
45
47
35
47
59
39
33
52
56
43
46
43
41
43
34
31
45
43
39
50
46
23
23
20
41
33
37
33
33
29
37
33
33
26
36
32
19
47
41
40
50
38
32
37
36
35
48
53
82
94
80
55
47
43
37
35
32
32
43
38
40
46
45
48
43
46
46
34
34
37
36
36
54
52
66
45
47
58
54
47
66
68
58
50
50
48
49
62
56
54
62
36
53
87
58
48
47
50
50
50
45
43
43
50
47
40
44
35
56
50
61
56
56
46
46
53
42
40
52
63
81
69
39
35
39
60
56
40
38
35
35
35
37
25
31
36
45
67
45
38
59
76
76
47
47
38
35
46
46
44
55
52
51
56
56
62
65
45
41
59
41
43
48
31
31
35
33
28
40
40
42
28
46
52
31
56
45
50
37
65
68
52
66
48
46
60
59
62
47
38
35
35
28
34
40
54
51
61
40
33
33
26
32
38
28
41
47
70
37
41
26
26
36
42
40
55
42
47
53
46
36
25
43
38
35
38
40
63
55
32
24
39
40
35
26
24
36
42
32
45
45
45
63
49
56
58
68
58
50
41
40
40
40
32
29
35
32
32
30
29
20
27
21
19
26
33
82
42
39
55
68
33
33
47
50
59
36
18
22
40
37
43
46
46
18
22
19
19
31
37
31
34
36
41
38
30
32
65
58
44
40
90
82
39
43
42
37
46
38
38
47
53
71
71
81
87
49
47
46
60
48
46
43
40
40
32
25
28
27
27
18
27
29
25
26
18
21
21
23
41
38
35
28
30
42
30
50
39
40
40
45
42
39
29
35
32
24
36
43
43
35
49
44
45
39
37
29
39
30
28
31
47
52
64
