191
186
204
264
225
230
145
142
210
357
176
189
286
324
297
404
426
387
273
463
149
261
165
281
282
252
254
324
376
187
125
189
328
263
311
153
235
207
730
179
289
232
175
92
138
167
181
287
156
242
327
298
252
249
201
189
267
202
195
283
242
248
252
167
359
377
206
242
222
453
365
341
270
367
208
195
165
492
484
494
287
342
405
304
56
203
153
270
303
252
288
435
324
371
187
209
274
255
313
211
235
222
329
424
182
352
397
199
110
328
196
214
202
157
184
187
182
275
234
370
170
193
163
147
393
406
337
358
195
198
310
287
156
435
107
191
178
239
153
96
201
122
145
114
408
196
261
93
384
436
223
186
272
436
224
215
320
211
201
311
384
372
518
179
306
251
138
394
415
239
275
149
285
211
152
228
206
207
165
279
142
149
189
391
408
455
338
171
122
324
250
336
262
225
275
257
154
260
263
352
312
234
378
455
108
343
184
354
294
228
189
293
263
235
250
390
242
314
183
205
412
423
296
456
