229
114
49
129
101
109
134
212
150
317
67
61
126
144
100
111
396
394
93
72
90
224
148
101
140
168
247
199
179
187
160
181
141
134
104
136
121
94
62
170
152
154
205
187
184
160
108
139
211
142
173
172
179
350
141
212
199
69
203
87
118
129
372
340
78
99
158
184
280
83
114
143
107
106
135
126
137
116
75
123
94
132
252
276
78
224
178
129
136
152
143
221
206
185
72
194
81
67
176
223
122
144
222
129
155
442
171
176
223
213
95
145
154
151
278
112
145
152
234
127
126
71
104
216
191
79
240
204
145
130
130
179
143
116
239
161
226
202
77
252
384
338
239
162
173
189
137
130
91
286
345
76
244
121
75
156
86
88
93
262
477
67
114
116
67
66
142
110
157
187
213
96
95
195
164
52
213
56
56
138
102
98
201
123
155
113
115
320
380
181
147
67
161
92
75
158
100
300
164
135
94
187
110
88
215
184
78
54
226
216
179
146
118
133
149
85
185
115
199
104
83
164
130
131
161
141
105
107
99
112
154
115
123
155
213
112
112
140
164
67
122
56
222
127
175
261
227
148
83
142
192
114
128
235
235
102
124
99
202
195
122
106
139
151
170
151
74
363
86
56
211
224
245
60
166
143
84
207
197
59
71
170
159
161
206
98
108
135
116
89
122
79
95
148
228
184
228
105
189
173
89
141
140
206
112
103
144
92
113
113
122
203
128
158
220
79
98
218
142
