32
55
35
33
30
36
36
38
39
39
43
44
43
33
29
35
33
33
35
27
55
51
74
66
52
56
52
57
53
54
49
47
45
42
48
72
72
58
54
51
60
51
45
61
61
53
53
37
53
59
52
59
53
63
39
36
28
30
30
30
28
26
42
39
30
25
25
26
26
26
26
24
23
25
31
22
62
55
54
62
75
60
33
28
26
26
30
33
27
24
24
26
23
41
44
33
31
31
25
28
31
28
35
35
36
68
64
63
52
63
47
44
43
33
26
44
41
38
38
36
33
42
48
48
48
35
34
30
25
22
38
41
55
65
65
50
50
55
60
56
43
49
52
56
49
41
37
30
28
38
40
35
33
35
24
24
33
42
48
33
33
31
32
32
39
35
32
28
26
27
31
31
28
51
56
43
49
47
46
48
48
52
48
48
44
44
51
43
43
41
54
52
51
48
41
39
39
39
35
29
29
28
31
28
32
34
34
31
33
33
26
24
28
46
30
40
28
63
46
43
54
55
53
39
53
53
46
41
41
36
36
22
25
38
40
34
42
42
38
38
35
37
27
44
40
46
46
39
33
30
28
56
50
47
32
32
30
27
31
29
30
24
24
24
47
41
49
49
44
42
32
24
21
25
25
25
32
33
24
35
55
44
33
64
40
60
70
67
46
46
44
37
44
36
59
50
50
44
45
43
43
41
41
43
43
33
47
45
44
44
56
42
29
25
30
27
37
43
64
60
52
46
41
65
29
26
23
23
29
34
59
48
51
55
55
54
78
76
59
59
37
37
32
30
34
36
46
37
32
29
24
22
48
26
27
27
42
42
39
40
35
33
26
24
26
23
24
50
50
48
46
55
48
38
45
52
56
47
57
47
57
43
46
50
50
45
46
46
51
50
34
31
31
34
41
37
38
36
25
30
21
35
40
38
59
53
71
46
67
63
50
42
51
40
39
45
44
38
39
39
51
41
34
60
59
54
52
46
45
45
34
31
29
29
33
33
28
34
41
36
52
64
62
49
50
50
50
48
53
44
39
39
37
42
40
43
44
46
44
40
31
26
27
48
41
32
29
31
27
40
48
47
47
48
46
55
56
54
56
54
54
45
39
45
52
51
59
43
50
50
69
67
40
44
43
41
42
50
47
40
43
36
40
41
42
43
43
41
42
38
37
33
33
33
24
28
30
39
35
49
47
50
54
45
31
29
29
24
21
86
48
37
72
47
52
47
50
38
45
35
35
30
37
37
30
26
34
24
24
25
26
24
30
32
30
62
72
46
57
51
74
69
54
54
54
53
53
53
53
53
53
59
49
47
36
36
41
34
43
75
75
45
35
35
33
30
44
46
55
55
41
38
38
33
45
49
41
35
39
36
30
62
60
50
49
55
53
53
51
48
39
40
60
46
52
52
46
41
30
47
52
48
36
36
27
27
35
28
42
38
38
51
48
48
62
68
58
92
57
67
66
60
57
49
47
45
44
44
44
38
31
31
31
25
26
33
33
36
36
36
31
26
37
21
30
31
28
36
69
66
51
42
45
40
38
34
34
36
33
33
32
30
36
45
41
43
55
53
53
50
47
45
48
46
47
43
77
73
80
45
43
46
46
44
40
55
59
57
52
52
52
44
38
45
45
44
47
47
41
43
68
53
52
38
35
32
29
33
46
44
45
54
45
52
43
43
41
50
41
30
30
30
30
48
48
46
42
42
53
51
32
33
38
22
49
63
57
52
52
62
59
51
50
39
46
48
48
45
41
41
37
37
47
52
45
47
58
75
64
62
77
62
71
44
42
57
39
43
47
44
47
52
52
45
48
45
48
60
44
53
56
56
56
52
49
40
29
60
63
37
64
64
64
66
66
65
65
57
58
57
51
51
58
45
53
54
49
49
45
42
47
55
62
61
58
49
52
52
53
55
53
42
33
28
28
29
33
32
36
50
61
64
51
47
42
46
44
45
41
53
53
42
42
38
39
35
32
30
26
23
27
28
56
52
40
45
77
47
30
35
52
50
53
51
41
41
61
61
58
54
44
40
33
28
43
36
36
35
32
50
46
63
53
51
52
52
52
46
41
45
50
47
40
35
31
32
47
46
38
43
33
43
26
50
50
57
47
47
40
37
39
54
54
98
73
43
41
44
49
41
43
50
50
80
84
79
62
44
45
61
61
39
42
42
53
53
64
47
51
48
51
67
68
70
83
71
70
62
56
50
43
61
61
61
43
43
43
98
94
47
52
52
45
43
44
51
50
46
40
45
39
39
34
29
69
62
48
46
60
56
97
73
53
62
49
53
42
39
41
29
31
28
26
27
50
46
46
46
56
50
48
43
47
42
37
48
77
55
53
42
42
42
34
31
39
58
55
53
52
44
57
50
47
67
55
49
47
42
45
45
39
34
41
41
39
36
33
50
48
37
35
56
58
48
42
64
51
50
47
48
48
65
62
50
47
43
60
56
52
53
47
53
37
34
40
34
33
34
32
64
58
46
44
26
44
35
35
54
48
46
43
43
46
46
52
52
50
54
48
86
49
47
34
38
40
46
46
43
29
40
44
34
36
49
65
63
51
51
75
59
50
59
49
44
48
34
36
35
29
30
27
27
22
58
55
33
29
67
50
47
45
45
45
36
34
34
24
23
25
31
44
45
35
35
33
27
27
26
24
39
37
41
44
38
40
58
48
48
47
68
59
44
41
51
40
53
57
55
54
50
49
70
49
33
33
33
30
35
30
31
22
25
22
26
40
38
29
29
27
41
36
35
31
36
44
46
41
37
35
48
46
42
40
47
37
30
44
47
57
50
46
50
50
50
32
32
32
30
28
26
32
61
72
