28
27
64
44
51
40
59
44
46
42
43
46
53
44
52
54
53
49
55
45
40
40
57
56
50
53
45
56
50
62
51
50
49
42
57
59
57
56
55
41
40
37
43
60
48
48
45
45
45
61
65
51
50
49
58
45
38
54
46
50
57
55
37
43
42
44
64
52
52
38
46
50
49
41
41
50
46
45
47
47
45
42
54
53
46
39
48
40
39
51
53
49
68
44
44
40
45
46
47
45
50
52
50
47
49
45
52
53
45
50
47
39
39
39
37
50
50
42
45
48
50
40
40
47
46
47
45
45
44
52
47
46
46
44
44
50
55
50
40
56
47
38
37
49
43
59
44
40
53
48
47
47
50
57
40
40
40
40
38
38
37
53
51
48
58
46
52
58
41
62
44
38
61
40
53
51
52
47
45
52
55
49
57
40
41
48
42
45
45
45
66
52
39
41
40
65
41
46
44
43
46
46
47
44
41
48
41
44
56
44
53
55
48
46
44
51
43
38
49
55
55
55
45
44
42
46
46
41
54
40
47
44
47
46
41
41
40
45
41
53
52
46
44
46
46
46
50
49
46
57
52
47
48
41
50
48
54
48
40
38
43
42
62
61
48
57
47
53
47
43
55
46
43
47
45
42
42
40
44
48
48
47
46
40
40
49
52
51
42
55
50
46
43
46
55
58
53
53
57
55
52
46
57
53
46
43
40
47
56
52
51
51
50
54
44
51
38
46
44
46
46
45
45
44
53
51
41
41
52
51
45
54
48
43
58
50
45
47
62
49
59
43
53
53
47
46
54
52
45
54
40
45
43
42
37
40
37
35
34
34
46
52
45
46
40
41
43
40
57
64
58
52
45
42
39
45
53
54
55
53
39
41
57
51
42
41
56
60
59
49
63
56
44
45
47
62
46
70
57
47
51
50
47
52
44
42
43
42
39
40
52
48
47
47
48
47
44
52
46
43
46
48
47
43
52
51
46
41
40
39
51
42
46
50
65
38
40
45
40
40
43
45
53
41
54
65
59
54
68
50
52
54
46
44
50
40
57
56
55
56
37
37
40
51
54
46
39
47
46
45
44
43
37
36
53
44
50
53
51
46
52
50
44
50
39
39
36
42
41
51
46
48
39
38
41
48
37
47
46
42
48
47
47
51
47
44
45
55
53
48
41
51
50
39
49
43
49
49
47
38
46
48
40
40
45
46
46
39
43
55
47
55
54
41
48
41
38
46
48
51
45
51
46
52
48
54
41
41
44
58
58
55
53
61
51
57
40
56
46
47
54
51
45
39
41
41
41
40
39
43
49
51
46
40
40
49
48
47
46
60
55
46
45
48
50
49
48
39
38
48
46
54
55
55
50
40
40
49
67
40
44
56
50
50
55
47
63
41
51
55
48
45
45
43
49
41
46
56
40
46
43
49
49
54
40
41
45
54
48
52
72
64
46
50
56
45
40
45
39
51
52
46
58
52
47
39
39
45
57
46
45
51
50
55
57
45
48
50
46
41
50
45
45
44
43
50
48
43
54
39
42
44
40
39
54
45
43
42
47
57
46
47
42
44
52
46
45
41
58
59
52
40
54
49
41
48
60
52
52
45
43
49
51
49
46
52
54
51
50
55
50
44
45
52
46
44
44
40
51
51
50
45
40
40
49
60
49
52
44
54
47
46
46
51
44
47
46
51
46
51
53
44
46
38
43
50
53
48
50
55
48
54
36
38
54
47
43
41
47
42
44
47
54
45
49
53
50
54
59
51
41
40
45
41
41
39
42
46
46
45
46
55
54
41
43
49
54
47
52
54
51
61
44
56
56
52
57
46
44
55
46
51
43
55
53
47
59
58
54
40
43
51
50
41
41
41
49
47
59
60
43
40
42
41
45
43
47
40
40
46
38
40
46
46
50
49
53
48
45
52
50
50
45
52
45
39
40
36
52
49
41
51
51
49
44
40
40
52
52
64
55
42
45
47
60
41
52
50
49
57
44
43
57
40
49
48
48
41
43
38
49
55
49
41
65
46
45
38
45
69
40
60
47
41
47
49
51
50
43
43
49
49
44
51
52
45
46
49
49
47
40
50
52
51
50
46
39
40
39
38
42
57
51
45
40
49
44
55
53
52
59
55
46
42
43
46
47
41
53
56
54
39
43
42
58
60
58
55
54
45
52
45
48
44
62
57
54
56
55
55
53
37
48
45
54
56
40
45
44
40
47
47
50
41
50
47
58
43
43
56
46
43
40
61
41
52
51
59
44
47
57
46
45
49
48
46
46
48
40
55
38
45
58
49
52
46
49
53
39
37
41
40
43
46
44
47
49
43
42
41
44
48
46
51
63
40
44
45
42
45
52
52
51
41
