119
357
366
250
179
243
372
479
459
175
298
336
209
247
291
664
674
278
265
346
278
316
175
313
167
312
586
221
206
369
167
291
224
290
160
113
196
202
159
379
377
213
505
148
177
520
588
201
261
245
171
155
380
443
387
337
275
377
310
398
469
127
166
191
168
309
173
612
521
334
152
400
251
248
152
229
113
192
142
235
433
276
331
229
149
195
258
168
193
458
505
269
446
311
208
183
228
144
424
472
420
331
259
516
96
325
348
506
141
219
266
234
225
458
311
347
200
212
92
147
165
318
246
419
412
181
263
386
572
322
405
426
412
253
171
301
177
316
351
305
393
649
327
668
293
495
333
389
486
337
184
217
148
290
240
205
219
559
398
477
518
406
295
255
189
496
451
241
395
290
256
271
318
133
639
429
190
588
341
256
371
376
385
339
364
213
281
225
400
