6
114
78
143
67
243
144
131
119
117
54
87
68
168
171
212
98
77
90
64
387
105
203
180
137
90
256
97
117
78
76
100
135
91
177
152
84
59
47
53
78
64
135
138
92
93
220
97
112
135
51
92
180
128
94
73
46
105
138
133
82
108
122
174
103
107
65
81
124
184
53
252
175
50
122
121
101
148
134
96
102
149
151
48
98
301
93
130
90
127
307
119
86
95
106
189
211
151
56
79
130
112
46
79
202
192
115
101
220
64
52
461
74
85
233
137
261
222
132
113
208
198
130
126
132
226
169
205
122
259
124
144
138
134
147
106
93
71
65
73
115
70
207
205
205
156
128
162
117
80
67
50
46
318
95
118
138
56
340
108
157
278
102
207
97
69
134
156
129
137
162
145
45
87
109
99
84
61
65
80
78
255
128
79
144
121
99
64
50
132
142
83
86
191
208
150
187
143
206
115
175
115
104
79
182
85
188
66
106
194
140
185
221
225
169
156
108
130
65
152
107
106
139
122
98
91
70
95
114
185
313
150
107
186
164
117
101
123
177
111
147
145
73
238
109
97
78
138
144
56
190
129
78
152
101
155
101
172
107
159
141
131
291
70
138
100
39
71
78
108
141
75
48
195
251
55
140
84
56
83
91
77
88
89
89
184
121
236
198
264
100
94
212
77
78
140
89
367
114
71
202
235
211
116
175
187
80
157
192
242
42
70
102
90
290
183
240
93
30
153
