116
88
119
243
203
50
114
132
43
71
107
99
101
70
64
64
60
126
296
267
100
56
162
75
77
50
147
133
89
92
233
126
189
199
71
126
216
187
280
95
188
49
52
111
166
186
114
74
92
50
89
174
113
56
72
98
56
145
102
141
209
201
173
131
81
204
209
98
124
67
67
184
123
142
134
256
183
247
156
105
95
115
161
157
51
123
187
132
248
111
127
80
139
134
113
84
189
176
124
199
181
121
77
149
47
210
107
157
157
104
216
147
103
143
120
120
181
217
99
93
72
73
148
125
125
84
102
199
80
64
230
170
239
157
233
227
70
152
152
57
247
169
151
201
198
73
105
133
150
389
211
123
121
135
123
98
116
167
52
70
106
61
104
71
67
122
101
63
97
78
94
70
86
65
114
82
79
123
105
127
120
126
258
118
110
156
121
88
143
126
119
78
96
53
73
143
348
147
135
122
160
101
101
136
124
125
220
135
170
104
115
199
130
78
82
157
123
127
214
175
181
177
58
138
145
82
194
170
99
104
69
104
120
101
120
148
150
93
116
83
116
156
85
81
102
100
153
84
103
134
159
275
85
104
62
134
130
74
175
203
160
121
187
143
127
61
104
116
98
86
127
103
81
211
138
117
136
123
138
200
123
129
57
232
41
381
175
150
58
69
191
131
163
77
68
114
94
105
161
130
103
109
280
113
64
243
142
125
271
143
220
155
87
53
89
127
143
67
148
244
266
108
126
144
60
272
89
97
170
81
166
279
251
136
246
65
48
58
115
118
86
103
183
66
99
329
210
172
93
127
160
160
159
105
127
96
