17
59
86
71
71
84
105
80
106
92
86
159
106
65
65
82
67
57
76
85
78
81
74
71
57
74
83
94
75
51
99
91
81
76
97
86
86
90
62
68
104
91
74
83
85
67
92
127
143
63
121
156
92
75
73
63
76
79
73
169
96
63
125
107
85
83
80
77
117
99
79
124
97
83
76
71
96
99
111
128
95
76
102
74
71
56
96
82
91
83
124
78
72
76
83
81
99
113
88
114
111
84
106
115
130
133
102
74
76
94
88
94
79
83
88
105
146
102
150
131
125
114
112
74
80
96
75
61
79
64
109
98
93
100
108
89
129
86
89
115
109
63
88
75
58
95
121
91
63
74
75
75
71
75
87
104
87
108
109
99
98
118
104
76
72
82
88
86
74
70
89
104
129
73
83
91
66
77
119
120
132
99
95
159
173
122
85
64
87
96
67
65
64
92
101
116
134
77
86
73
74
90
118
92
109
74
104
97
69
65
66
101
94
115
110
115
115
86
71
76
76
83
60
92
70
139
130
99
77
76
93
88
75
84
87
118
92
124
115
120
92
71
117
91
129
71
109
110
106
110
104
93
83
81
113
113
90
85
90
65
136
148
80
65
67
100
131
89
93
110
88
102
61
92
86
84
89
87
90
77
82
78
79
88
102
196
153
93
125
167
88
81
78
99
63
77
118
90
103
74
117
121
84
107
63
54
75
84
116
128
87
100
90
109
99
60
61
64
90
154
169
53
49
142
132
172
79
106
89
89
91
81
138
90
92
56
74
74
86
101
89
59
65
80
109
101
67
84
74
92
98
91
77
81
98
99
81
92
83
100
92
68
66
74
64
56
59
73
62
97
81
115
60
82
87
79
92
84
103
122
108
109
109
117
101
80
72
64
113
109
118
108
64
96
101
78
115
138
115
121
145
146
104
139
96
99
92
89
64
74
76
81
80
70
92
87
89
69
120
100
99
105
116
122
92
120
107
67
87
84
87
74
98
91
138
156
93
87
79
98
56
72
77
83
84
71
101
108
47
89
97
95
100
75
73
93
86
108
105
89
63
132
109
104
75
107
162
160
98
103
71
53
59
64
86
84
80
94
139
61
105
84
87
75
84
58
60
83
114
59
85
93
84
89
107
108
86
81
77
82
95
86
65
90
67
115
103
111
106
88
90
68
84
73
58
116
103
124
104
134
109
93
97
99
64
170
124
79
77
82
108
212
186
81
86
93
132
59
62
78
96
61
61
93
75
95
93
74
111
85
92
106
148
165
182
116
141
78
74
65
67
119
90
102
106
98
110
94
100
85
71
71
70
68
91
