181
177
111
195
90
104
84
154
134
173
117
142
129
152
167
208
193
177
133
191
131
150
199
177
181
147
157
278
208
213
208
223
86
124
127
128
142
202
193
156
147
113
116
133
73
267
256
179
112
103
100
187
161
187
210
156
138
181
154
168
97
153
185
221
268
216
131
173
106
136
136
66
209
309
110
114
164
217
166
212
181
210
228
115
114
140
186
210
175
172
89
166
77
76
128
110
99
183
243
158
159
163
85
129
148
143
240
196
207
226
169
186
175
137
104
133
92
91
95
158
174
164
132
211
178
74
113
292
213
168
135
156
245
199
145
107
115
137
128
139
148
176
191
118
168
103
99
164
119
131
106
117
138
126
98
229
286
276
168
235
383
130
176
149
122
128
92
171
122
158
105
129
110
75
258
215
165
268
281
125
246
220
123
146
184
145
201
208
109
186
198
178
163
182
293
224
119
223
161
137
132
106
193
88
88
182
231
172
172
170
79
210
98
157
175
147
162
264
217
100
114
182
146
136
90
103
151
243
248
82
141
96
93
159
143
303
153
140
157
130
142
88
172
134
142
185
194
154
126
147
119
176
197
139
269
317
125
123
187
146
159
236
209
190
82
116
120
271
251
136
115
173
188
247
169
239
90
136
172
191
201
150
102
77
68
97
106
171
109
137
133
125
150
161
106
148
152
107
143
149
144
80
163
143
173
98
179
92
158
247
262
111
214
207
124
114
156
177
176
132
224
187
83
165
188
155
112
149
169
187
132
172
144
191
148
174
104
104
227
189
110
99
116
