157
156
129
123
173
136
163
79
77
109
194
194
162
116
324
335
63
362
126
176
140
110
82
386
237
199
155
109
229
390
97
126
270
166
201
159
161
165
134
153
204
208
48
88
59
233
189
190
212
264
245
182
152
54
125
156
216
115
85
83
126
199
200
113
202
128
180
86
109
216
168
123
337
254
191
133
147
44
110
337
80
104
86
96
120
115
236
116
294
192
172
123
219
118
119
124
80
99
177
141
108
214
201
111
247
75
117
216
243
182
181
154
170
234
89
321
117
171
137
141
106
124
265
142
81
96
213
231
165
189
143
112
164
205
198
68
152
175
195
179
148
148
82
150
139
167
47
82
94
112
337
253
147
140
197
134
489
134
138
65
80
213
65
138
116
71
203
213
212
155
141
202
101
71
48
90
203
113
106
39
108
116
120
164
95
163
76
66
190
131
97
239
202
216
220
203
171
154
86
117
128
125
300
251
84
88
151
147
241
75
134
74
106
105
128
79
113
123
208
246
175
176
133
200
177
156
128
57
96
86
95
92
60
66
89
134
107
128
111
153
132
190
157
226
136
111
72
126
144
127
105
192
70
153
152
88
77
163
56
139
190
140
105
127
168
125
216
69
188
278
140
212
127
264
180
72
302
229
277
96
122
138
69
160
172
98
118
55
62
218
304
166
65
140
115
117
129
78
116
97
182
186
104
187
70
71
230
77
136
152
92
199
252
286
155
142
113
208
148
133
188
111
96
211
124
115
65
195
95
63
84
149
178
201
101
149
188
182
199
210
228
186
200
