90
193
80
178
164
138
156
201
193
109
130
93
143
134
104
130
195
159
135
128
95
158
120
70
100
103
256
101
91
87
202
169
317
117
225
151
156
98
134
150
210
118
220
128
259
174
175
177
218
216
128
157
59
231
214
251
59
236
245
200
174
201
182
131
138
250
130
117
155
149
146
91
214
192
156
145
259
238
216
210
145
143
128
113
151
212
77
120
67
111
140
128
135
219
190
186
160
82
86
98
87
102
125
222
213
195
123
174
122
191
99
114
128
182
136
141
222
125
269
157
184
158
163
119
212
219
140
136
131
239
159
193
116
149
165
112
197
167
151
137
76
223
73
161
236
80
117
142
64
183
261
102
119
205
140
128
113
232
103
79
228
178
94
46
212
201
200
194
112
67
112
113
174
178
185
269
233
88
111
350
143
172
206
138
127
136
207
141
176
111
167
135
145
92
101
76
78
149
142
86
148
179
195
214
120
213
106
125
167
211
178
193
146
185
73
146
174
136
74
131
174
84
115
67
208
212
131
135
92
188
164
158
352
102
65
195
171
128
142
181
155
108
128
228
209
113
182
211
173
187
41
228
110
251
274
117
127
171
255
118
157
168
119
117
86
67
67
132
230
86
262
109
98
139
142
138
86
211
234
106
80
183
92
145
63
370
376
124
92
113
158
230
185
55
137
130
114
212
114
75
51
137
177
128
73
109
159
152
152
137
122
157
185
152
167
221
122
113
