130
106
117
123
47
231
101
75
111
38
36
97
90
100
95
114
154
45
42
158
77
111
99
138
118
217
194
375
156
80
110
122
58
57
181
169
124
97
88
78
81
156
133
60
179
78
79
104
104
86
140
168
139
123
343
342
376
58
103
99
249
151
65
77
95
88
128
92
171
56
55
155
149
285
206
230
224
135
80
142
96
65
131
75
75
88
350
354
227
132
164
206
127
46
79
85
112
123
151
195
134
177
123
160
121
120
198
177
60
109
109
50
154
146
91
62
145
96
155
120
100
109
109
96
97
95
153
81
178
132
217
132
169
111
160
209
144
176
134
183
150
128
204
169
117
92
247
258
230
184
199
171
141
70
63
118
123
117
43
189
172
256
215
203
50
120
86
89
153
56
60
76
98
153
264
477
110
206
174
107
157
94
93
86
98
45
62
62
71
38
161
165
174
154
82
81
172
140
177
66
80
149
48
317
122
67
113
300
102
127
92
104
159
90
159
90
84
109
163
124
73
292
212
186
158
102
55
92
86
158
144
137
53
75
62
96
102
155
155
140
81
251
124
98
176
94
153
221
104
132
219
128
137
65
77
161
111
158
60
188
109
79
247
119
72
133
109
124
134
70
178
135
308
123
97
186
182
177
221
110
131
74
33
69
166
162
164
102
154
72
67
268
94
156
90
122
181
187
205
222
200
79
89
64
143
192
185
82
198
101
159
158
253
208
122
104
103
161
62
96
135
138
190
207
140
71
77
212
151
