52
50
42
31
40
73
58
56
59
45
42
59
38
40
40
31
67
31
43
33
26
32
29
27
56
63
56
51
75
79
93
66
59
47
62
55
53
53
79
59
55
54
47
51
49
50
50
50
53
59
57
74
86
59
58
46
50
57
39
47
47
35
57
62
58
58
52
45
45
57
57
55
73
30
27
28
26
26
23
31
31
29
31
39
23
22
24
24
46
47
61
61
32
26
28
24
36
26
25
21
25
29
28
31
21
30
38
47
59
67
51
44
27
25
44
32
50
40
24
37
29
28
35
32
42
42
40
55
54
54
64
62
72
45
51
51
45
63
63
63
57
48
49
49
45
44
42
37
28
31
36
44
49
44
47
45
49
49
43
31
28
22
31
29
28
26
24
26
50
69
87
93
44
62
46
44
52
52
45
37
36
34
34
29
29
29
33
29
30
33
30
40
39
33
30
34
33
37
63
54
48
42
38
61
40
40
45
48
37
37
37
35
22
23
37
38
44
30
36
48
45
37
33
33
26
31
43
41
45
41
35
32
34
34
34
40
40
52
52
54
41
41
26
38
25
25
47
56
56
39
45
44
31
29
29
36
33
57
31
31
43
50
62
50
44
41
39
60
72
47
23
33
39
44
63
45
40
38
39
44
51
42
56
41
23
25
31
35
37
33
45
58
60
53
48
50
50
64
63
52
49
48
27
25
65
45
52
53
54
66
59
78
58
47
47
41
38
38
49
47
37
45
47
38
34
24
40
36
41
41
34
34
28
28
25
23
39
42
45
47
50
45
54
43
60
65
51
58
63
49
48
56
54
59
47
43
51
51
49
41
43
38
31
46
37
27
24
27
30
38
38
38
34
34
34
55
44
48
54
48
54
69
47
52
47
47
50
48
42
41
36
34
30
33
39
39
39
34
38
55
52
45
41
36
34
40
42
35
42
48
41
41
37
23
38
44
44
41
37
34
34
34
50
48
54
50
48
49
40
40
35
41
24
30
38
34
34
30
37
28
28
37
50
56
61
67
78
66
60
58
44
44
49
49
49
47
52
61
82
78
38
48
48
56
48
47
40
40
51
53
43
40
39
43
43
46
49
49
49
47
50
35
33
27
36
29
40
45
54
54
45
49
46
46
55
52
48
36
25
26
81
80
46
52
63
76
77
75
78
78
64
42
36
37
41
45
45
35
31
39
35
34
25
23
31
27
27
24
24
36
36
65
59
66
65
65
50
67
49
60
44
34
39
41
77
73
48
43
42
43
56
44
42
64
50
47
35
41
37
37
47
53
52
97
50
40
39
70
58
48
47
45
42
51
75
43
44
37
43
42
44
45
42
30
25
29
41
33
44
45
37
50
46
55
51
64
64
53
50
75
75
75
92
58
70
71
51
56
48
44
31
32
28
24
22
33
24
37
37
48
60
68
45
40
35
43
38
36
34
32
44
28
32
30
44
40
44
27
33
31
41
42
42
55
54
48
48
46
48
78
80
69
78
83
78
54
53
54
56
52
40
42
48
53
56
55
54
46
38
46
50
51
46
59
66
46
31
29
30
50
47
40
46
44
46
43
49
49
57
53
45
41
37
47
23
32
26
26
44
49
44
42
42
51
49
43
34
33
51
48
48
38
38
44
49
46
37
38
39
39
37
28
47
59
57
59
85
51
50
43
43
49
45
43
54
50
49
44
62
65
65
46
42
40
64
56
53
55
46
46
46
45
45
57
53
53
50
48
44
41
41
38
36
35
41
65
55
51
41
53
68
60
52
39
41
53
57
59
65
67
85
57
59
60
55
65
52
60
59
46
46
34
34
28
25
33
32
35
64
70
70
60
57
50
50
61
55
46
48
45
51
57
59
53
53
52
48
50
46
40
29
26
26
43
42
39
37
43
41
56
59
77
70
52
39
33
32
34
40
38
38
54
54
49
49
51
46
46
52
52
55
56
60
49
33
23
23
23
56
37
34
30
48
42
48
61
55
52
28
31
31
49
38
36
47
40
40
38
42
34
33
48
54
61
53
48
42
47
33
39
41
59
56
67
65
77
54
66
101
98
58
43
50
50
49
46
80
87
49
49
48
53
47
54
51
42
39
45
50
49
50
44
48
58
60
49
43
68
64
75
66
53
57
57
54
59
57
40
61
56
51
51
53
53
50
45
57
55
49
44
43
47
53
59
64
34
26
30
35
59
57
49
45
43
55
90
95
56
74
55
60
60
43
40
39
51
48
48
64
70
50
55
47
62
73
52
52
35
38
35
31
42
58
64
45
47
53
59
62
68
44
43
45
38
37
55
49
36
33
45
39
43
41
36
34
34
56
55
66
74
28
40
72
72
39
49
50
56
75
49
60
60
53
47
38
36
36
29
31
37
37
43
40
44
52
70
65
53
50
32
32
34
29
56
50
50
51
104
96
96
43
37
34
31
35
38
50
45
42
50
55
47
54
84
46
44
44
37
34
41
42
66
60
47
45
36
37
30
28
43
43
41
38
34
42
48
61
59
53
62
45
69
67
74
55
61
73
54
40
46
42
55
60
42
35
35
35
33
32
25
25
23
48
55
49
49
65
56
36
52
45
45
41
41
39
35
25
27
56
56
50
42
24
21
36
35
43
49
49
47
43
33
22
29
40
40
45
39
45
46
29
41
33
48
47
50
41
37
55
47
49
57
57
82
54
65
46
52
52
47
49
37
39
30
28
23
23
50
48
48
57
44
27
31
26
21
38
28
24
24
29
41
39
33
33
32
31
33
34
38
45
41
45
42
33
27
48
48
52
47
58
31
29
27
26
24
43
43
67
63
62
76
