37
24
18
21
42
57
52
51
38
41
24
27
21
21
20
28
48
47
33
30
23
18
17
18
15
20
18
15
14
12
12
41
41
41
41
34
36
47
37
33
33
37
35
35
40
35
34
36
44
60
37
44
33
19
18
23
37
49
23
22
15
13
12
16
18
14
19
25
24
21
18
10
18
14
13
12
10
9
10
12
13
14
13
9
12
33
57
46
30
28
23
29
27
48
46
51
27
18
11
16
17
13
11
18
14
10
10
12
11
15
20
51
43
34
22
17
26
27
20
19
18
14
15
23
19
11
30
41
37
34
51
44
38
37
30
30
27
33
49
35
23
26
22
28
20
20
15
16
21
19
27
30
31
31
34
31
23
18
15
15
19
19
18
11
11
43
34
73
45
33
31
44
33
35
28
30
38
34
24
26
25
21
19
17
17
20
19
11
18
20
21
20
17
16
23
23
47
37
33
36
35
41
31
26
31
41
33
18
19
13
10
14
13
23
25
22
22
25
23
23
24
16
17
20
14
26
30
31
14
20
18
20
37
38
21
14
13
15
15
14
10
11
17
9
29
28
10
10
9
15
19
19
23
37
30
26
25
23
27
26
25
22
58
22
26
37
36
29
29
31
27
25
24
21
40
39
32
20
19
15
22
21
20
24
33
30
32
31
25
22
19
14
9
9
13
16
12
32
33
36
45
39
55
41
32
35
24
17
14
18
13
27
18
31
26
24
10
31
30
28
30
25
24
24
10
21
15
13
18
25
10
11
12
10
11
9
9
15
14
13
11
53
41
35
34
38
33
32
31
29
24
30
39
35
35
33
42
36
30
33
32
28
28
30
29
30
31
29
28
26
20
16
20
27
27
24
21
13
14
11
14
22
19
22
33
40
38
37
34
55
30
33
32
32
37
33
33
29
39
35
32
28
24
24
25
24
30
25
19
17
25
19
22
31
25
20
21
20
28
35
32
23
19
17
17
16
13
22
24
34
36
35
34
34
35
25
30
25
32
24
27
25
29
23
19
18
20
9
20
17
16
16
28
21
22
50
49
39
61
41
36
33
31
33
33
32
28
28
28
39
39
37
33
34
38
31
29
55
34
33
26
26
25
24
35
33
34
32
33
26
26
18
21
26
17
19
16
25
30
36
44
34
12
11
10
9
23
39
37
24
32
28
27
15
11
13
15
13
9
21
22
21
22
25
47
34
49
51
38
44
43
41
38
36
39
31
21
24
26
63
62
30
28
17
27
30
30
20
18
16
20
33
29
23
23
49
33
24
30
26
19
48
39
83
65
35
41
29
22
47
28
27
36
53
37
36
32
21
27
35
32
25
10
17
15
15
13
11
11
15
10
10
22
18
21
27
19
21
26
31
27
35
34
36
38
53
49
35
35
33
50
35
61
60
55
56
50
26
13
9
16
13
10
9
13
30
28
29
26
27
22
18
14
29
22
20
18
13
12
23
59
58
38
25
20
18
18
15
16
18
26
21
28
33
36
34
32
32
30
27
25
35
34
57
33
30
34
37
33
31
27
43
38
36
27
32
65
53
52
38
36
35
31
14
12
11
35
35
15
13
18
17
19
17
16
27
31
30
30
27
36
33
17
11
36
28
32
37
29
31
32
26
24
23
17
32
31
32
31
49
44
42
42
41
39
69
66
64
31
36
32
26
23
40
52
57
31
31
28
27
26
25
31
25
42
27
31
29
35
30
38
34
32
37
23
20
16
13
38
26
35
54
53
43
36
32
47
42
44
42
52
38
54
54
39
44
35
37
35
27
45
44
42
38
39
40
38
39
37
46
36
36
35
31
18
18
17
16
15
24
18
30
27
38
47
48
34
29
28
29
45
45
37
36
33
35
40
39
39
37
33
32
35
33
26
28
39
32
31
18
16
11
10
23
27
40
35
22
24
24
38
56
31
27
19
17
37
34
33
34
36
27
41
45
49
43
30
35
31
20
18
19
20
19
13
13
31
31
29
19
18
21
17
25
37
36
32
28
27
30
19
14
35
33
24
23
22
28
25
21
18
31
22
10
20
20
35
35
29
28
37
27
31
33
33
24
49
43
37
37
35
40
32
29
28
33
22
20
33
45
35
32
26
24
26
36
36
30
29
57
35
36
43
22
76
45
36
35
40
37
31
29
30
32
30
29
24
34
28
22
20
16
36
33
38
30
24
59
58
38
39
37
36
29
27
19
14
15
14
38
56
31
35
37
38
35
31
40
59
38
40
38
35
18
34
35
29
29
32
41
40
35
34
63
32
32
25
21
21
29
29
25
17
35
32
16
16
44
44
40
61
64
31
30
27
19
33
32
25
49
35
34
31
30
33
25
45
40
36
38
36
31
24
17
42
50
48
32
38
37
43
35
17
19
17
12
10
35
60
45
29
27
25
22
24
20
16
42
33
26
26
30
52
32
30
29
28
33
33
31
25
27
26
29
46
44
37
24
23
14
20
14
21
16
23
20
52
51
58
45
45
32
29
49
49
35
38
44
44
43
32
39
40
44
32
29
28
26
21
21
19
19
18
17
15
12
11
10
15
65
65
33
39
58
48
47
37
30
29
28
29
53
50
36
35
29
21
14
12
42
41
41
28
21
15
11
13
9
21
21
20
33
35
20
19
19
18
20
20
18
14
12
21
25
19
25
23
20
52
39
44
35
30
32
57
54
57
31
29
25
39
38
37
32
37
33
72
39
32
38
37
32
29
50
48
54
34
21
15
13
18
41
29
10
18
16
15
13
13
11
12
24
23
22
21
15
12
10
9
27
18
22
17
15
21
18
30
26
33
22
25
21
19
18
33
29
34
33
44
33
24
22
47
59
