22
31
31
31
65
48
59
58
60
47
45
58
47
47
58
57
47
50
60
60
55
51
60
60
49
49
57
57
56
53
53
46
59
55
55
59
59
51
53
50
59
58
47
42
40
40
42
57
60
52
50
49
51
51
45
46
55
51
59
64
56
52
47
55
50
45
46
59
59
57
49
54
44
53
53
50
48
42
46
52
52
54
46
53
61
58
66
61
43
53
53
42
50
48
42
42
59
62
49
49
46
49
55
49
43
59
50
52
60
52
51
49
43
47
47
57
63
51
66
57
49
52
50
48
48
54
57
57
50
52
48
52
61
58
54
48
46
46
61
50
48
53
53
48
50
50
49
50
49
49
49
55
43
43
51
52
53
53
55
44
48
48
74
65
47
62
66
48
46
46
42
50
50
51
40
50
49
56
49
52
49
51
48
54
49
44
49
53
57
41
41
67
75
67
62
66
43
43
49
47
43
43
50
43
49
48
50
54
47
55
65
40
40
46
53
48
50
57
49
56
52
46
53
49
57
45
44
46
50
44
50
42
54
43
43
49
65
65
50
48
43
61
63
52
54
54
53
50
58
51
51
55
43
48
52
49
51
62
58
58
42
45
59
67
54
45
60
61
48
46
51
49
42
43
53
54
51
51
46
44
49
64
53
49
49
56
51
55
46
46
57
55
51
55
68
57
49
52
47
53
47
55
50
49
49
48
53
49
53
47
54
53
47
45
50
49
49
58
54
54
65
66
49
61
57
53
48
48
57
65
62
57
60
49
55
56
45
41
43
37
43
44
49
49
52
51
61
56
67
67
55
49
44
40
43
49
48
54
48
50
52
64
56
42
60
57
54
59
71
53
56
52
55
52
43
53
65
70
44
60
49
47
46
47
41
48
47
47
45
51
49
47
51
52
49
53
56
51
50
49
44
46
48
50
53
47
52
46
56
47
58
56
42
69
62
47
53
57
49
49
42
48
43
47
49
46
46
48
54
49
58
61
70
63
57
57
57
42
59
62
64
60
60
42
53
48
42
39
58
52
48
53
49
55
49
52
55
48
48
47
49
40
40
45
43
49
51
41
41
41
41
45
52
44
48
43
45
50
50
52
55
43
43
48
53
45
55
57
46
48
51
53
52
51
48
47
45
49
50
58
59
63
50
55
54
55
66
54
52
52
52
52
54
57
51
57
56
50
49
48
43
47
55
48
49
53
62
49
54
59
45
46
43
41
46
46
54
55
48
43
52
52
56
51
46
48
48
43
48
45
43
42
49
53
49
52
47
47
54
47
66
55
52
52
57
55
44
42
46
61
60
68
48
54
60
55
49
54
62
52
48
56
53
57
57
53
48
52
41
47
43
43
43
49
53
42
47
57
53
53
54
53
43
46
50
43
41
53
53
55
57
70
70
57
49
48
54
48
48
47
59
61
43
53
42
58
56
52
43
55
47
46
53
48
43
49
54
54
63
59
62
54
64
64
53
52
52
47
58
49
49
56
44
59
45
57
46
46
55
63
48
55
52
43
45
45
50
52
52
48
50
43
59
57
52
43
63
49
58
58
61
66
47
52
57
55
48
60
66
55
59
42
55
57
47
49
49
49
49
54
52
47
52
49
54
52
48
53
54
50
56
43
48
47
52
46
52
52
47
43
43
55
58
54
42
54
53
52
52
54
58
58
53
53
62
49
49
44
44
54
43
56
56
44
56
50
51
45
52
53
52
52
48
49
44
55
55
44
54
55
43
47
53
49
55
47
42
54
49
44
49
52
49
53
56
56
64
62
80
49
49
46
46
53
59
50
48
56
62
55
58
57
52
48
54
60
54
49
50
59
55
44
55
53
47
64
54
49
63
59
62
52
44
49
49
55
47
53
49
43
44
42
45
50
66
69
53
54
54
45
42
49
56
54
51
60
61
64
43
64
63
57
49
55
52
54
57
56
48
57
51
70
68
50
56
57
58
57
49
54
55
51
48
49
58
44
56
45
53
51
51
60
55
54
42
45
43
55
42
45
59
46
54
52
57
59
49
66
49
43
43
45
49
51
46
48
48
43
49
49
66
47
46
72
57
57
56
56
52
50
53
59
42
54
53
47
52
53
46
57
52
54
53
44
43
50
47
63
63
58
58
48
42
61
51
59
49
48
51
51
56
51
56
48
60
60
46
54
56
68
62
68
50
40
41
49
46
52
52
45
47
66
49
42
50
48
52
49
47
76
63
51
43
53
56
60
60
49
54
49
54
50
56
57
49
48
58
47
43
44
43
43
52
51
53
58
72
57
55
45
48
52
60
54
58
50
48
49
48
59
50
59
48
42
42
42
58
49
47
66
72
48
52
62
48
63
41
56
48
55
51
55
49
66
63
43
59
54
44
49
48
50
57
56
50
47
