189
191
152
286
271
139
234
147
276
262
295
203
217
229
256
370
221
483
154
199
134
316
288
166
207
160
391
317
305
136
245
312
328
170
285
464
222
191
247
380
229
354
130
129
162
227
233
173
222
198
247
237
133
208
229
185
177
147
195
183
275
550
496
277
248
155
189
249
226
270
207
245
171
341
416
392
119
120
126
186
233
215
287
248
186
262
170
298
302
207
150
274
248
340
251
265
328
309
226
272
223
192
398
372
324
201
246
121
304
116
265
222
343
232
258
250
176
189
219
242
151
470
544
438
391
713
641
709
212
119
394
336
313
296
148
200
429
106
190
203
130
165
210
320
237
354
450
402
314
259
254
172
301
248
170
289
288
437
191
208
225
199
338
252
186
448
252
250
220
210
528
309
172
160
149
196
411
382
231
461
331
186
348
255
234
123
224
541
552
236
193
169
188
438
205
343
210
191
285
364
186
210
178
349
334
133
291
259
173
228
143
183
268
347
272
54
278
194
214
200
177
242
235
190
178
128
270
343
272
474
