45
53
103
130
162
176
208
197
139
121
139
83
85
118
114
119
106
114
97
92
121
101
107
109
89
99
131
141
148
141
99
92
99
103
231
91
123
108
109
151
136
117
127
113
71
99
81
89
101
112
112
132
108
118
135
109
109
102
108
93
115
143
135
101
116
108
158
99
160
100
127
126
131
145
109
107
84
134
133
116
169
107
106
94
103
152
123
98
143
95
123
104
92
82
94
91
96
96
100
96
88
158
142
96
174
127
138
135
169
130
123
86
96
127
104
130
93
196
172
163
129
113
118
145
80
71
97
111
108
100
84
81
93
99
120
91
137
115
131
81
119
118
126
137
96
100
109
98
75
125
141
89
101
150
110
99
78
119
99
97
107
111
88
87
109
123
111
125
121
116
92
139
132
112
71
119
99
113
67
93
82
114
83
140
135
104
115
136
133
161
186
165
123
93
121
176
127
127
158
100
98
98
108
109
113
81
136
98
112
132
137
175
118
93
70
128
131
111
106
128
79
86
131
145
118
96
100
111
108
75
93
101
109
95
82
86
97
64
68
101
169
118
110
86
126
68
93
142
194
133
147
108
101
144
82
96
138
116
108
122
137
118
108
105
91
147
90
177
105
127
136
115
140
160
99
132
122
116
115
103
130
130
116
97
119
75
98
113
107
77
121
150
151
155
247
125
105
85
96
108
113
86
109
99
81
107
137
122
114
131
156
158
139
143
143
128
101
90
129
129
119
81
99
85
156
107
101
131
119
128
99
111
121
115
112
116
134
107
69
68
73
81
76
81
113
95
186
109
89
140
162
93
108
102
161
143
169
84
77
117
123
129
148
81
101
88
163
118
126
71
116
102
117
122
95
84
111
97
145
100
120
97
97
136
87
107
98
115
92
111
120
86
133
68
93
121
102
97
101
70
81
134
85
102
128
152
128
130
125
136
155
80
128
103
109
109
81
117
95
119
126
104
98
81
123
150
162
149
107
135
154
99
94
122
111
104
90
87
104
94
90
82
97
90
122
106
74
77
73
108
98
123
84
137
105
110
117
130
82
133
150
144
94
117
106
71
185
177
103
72
95
117
83
96
100
117
113
81
94
125
143
97
151
141
134
103
90
105
109
74
93
113
92
91
126
195
113
102
112
86
79
99
91
138
115
66
162
140
171
172
115
109
144
153
88
130
136
85
79
83
97
103
124
91
79
83
100
120
116
102
117
86
77
186
187
144
136
123
87
77
76
161
144
135
130
105
94
87
116
183
79
103
89
67
142
88
78
107
83
109
85
107
90
77
97
91
98
102
112
177
76
139
135
143
105
136
141
118
101
132
131
129
125
120
129
87
104
106
78
79
