38
37
28
26
21
60
46
44
41
39
34
43
24
22
21
23
32
55
41
32
23
22
25
29
22
16
15
17
42
43
39
38
45
41
45
43
44
37
43
70
48
41
31
40
39
40
44
45
36
35
38
38
48
61
43
45
37
33
27
39
39
37
32
30
25
24
49
37
50
33
24
23
22
19
15
14
18
15
12
21
22
25
20
17
27
23
12
19
13
15
13
13
17
14
16
15
23
22
29
40
39
34
24
31
36
35
44
43
53
46
15
12
13
18
17
15
21
13
19
14
17
15
15
26
21
20
17
16
20
17
20
25
17
47
40
29
21
27
33
18
35
13
12
19
17
21
17
21
30
26
30
34
39
49
55
45
46
45
38
35
45
36
34
33
20
18
17
29
26
19
19
15
24
23
21
18
16
37
46
35
33
41
40
37
42
41
35
28
21
23
22
21
15
18
16
22
24
25
22
24
23
32
37
42
43
42
41
33
29
24
20
15
14
25
29
26
26
22
26
20
38
31
26
12
31
41
30
26
21
17
24
18
18
17
28
29
32
30
32
26
14
21
26
61
34
28
29
23
37
36
34
32
34
27
30
25
32
32
26
26
25
21
27
34
32
41
38
36
34
30
31
17
17
15
15
21
22
47
43
42
33
28
36
52
53
52
51
37
32
21
19
20
20
18
12
14
52
37
34
45
51
42
52
49
34
36
35
33
25
23
25
26
22
18
20
20
22
29
25
20
19
13
36
30
19
17
19
28
20
15
14
13
12
16
16
55
40
37
40
27
37
33
45
42
45
37
44
33
37
37
38
33
21
38
35
37
36
28
28
27
25
25
21
17
25
21
17
21
43
43
42
41
37
36
45
42
34
41
37
29
28
33
19
36
32
31
24
25
25
27
24
27
25
33
32
34
42
34
27
22
21
18
13
32
33
36
35
30
26
23
38
39
41
34
35
33
39
38
30
34
31
30
27
36
18
14
20
19
29
29
20
22
21
16
16
22
23
27
29
30
25
22
25
18
50
49
44
61
63
43
39
43
71
37
32
29
38
37
36
33
39
46
38
42
37
39
38
31
35
35
31
27
33
30
23
30
27
23
20
17
13
16
19
21
43
41
36
35
41
44
38
33
29
24
21
17
18
13
34
40
41
38
36
31
39
45
44
47
47
36
42
36
35
32
36
37
34
30
21
20
19
15
13
16
17
15
26
21
38
54
53
41
38
37
60
39
38
44
30
26
23
18
20
22
22
30
32
33
25
30
32
33
32
27
29
27
34
50
45
34
27
22
36
32
18
36
36
42
40
27
30
30
53
33
34
41
32
31
34
33
33
22
28
19
12
18
17
16
15
16
21
15
13
12
15
16
14
24
21
18
15
13
31
27
36
42
38
38
40
65
80
39
41
38
42
40
35
32
30
15
14
20
17
16
12
21
30
56
28
25
23
22
30
27
17
17
14
18
19
27
42
31
30
29
27
17
22
25
22
22
26
30
30
40
35
33
33
33
29
38
68
51
35
33
32
26
49
47
44
34
26
35
34
39
35
26
16
39
28
25
21
32
34
33
36
36
47
26
37
16
33
33
32
34
35
35
30
31
33
33
25
28
24
13
36
71
41
35
33
28
35
55
45
36
27
34
37
46
43
55
46
51
51
36
33
32
28
49
46
35
38
42
41
35
42
33
35
35
35
35
43
42
41
39
39
37
42
47
49
53
57
43
51
30
45
58
70
46
44
35
38
37
42
35
31
44
40
43
47
46
51
50
43
37
39
35
34
50
35
29
26
25
22
17
16
14
26
35
22
23
24
19
21
34
34
49
41
38
33
37
31
27
26
35
17
29
29
31
32
68
36
23
21
25
37
38
38
39
34
33
38
38
44
51
49
46
45
42
34
37
39
38
37
36
24
19
18
24
15
13
35
31
40
38
33
31
23
22
28
32
30
29
37
39
37
40
38
34
29
15
17
14
27
24
34
32
25
29
28
24
19
28
46
33
35
41
39
33
28
27
36
60
59
35
38
38
27
26
37
51
37
38
35
34
46
31
25
31
56
38
38
50
47
46
38
47
37
57
62
54
53
59
52
42
41
45
37
44
42
45
53
85
39
36
34
32
47
33
30
28
51
34
26
24
23
19
26
20
17
53
47
44
42
57
66
55
62
46
44
49
48
35
31
25
37
45
35
35
32
41
45
39
39
21
21
17
21
25
45
51
31
43
40
41
38
39
29
40
37
29
22
24
29
47
44
46
39
51
55
46
42
46
31
43
36
35
33
37
34
36
45
38
36
38
25
25
24
22
26
41
42
50
44
31
29
27
25
23
18
18
21
17
36
40
39
57
80
40
33
35
33
18
23
20
18
31
45
41
36
33
33
25
18
29
30
30
37
31
24
19
18
28
27
31
28
53
42
29
42
43
40
42
45
44
43
42
43
41
45
31
25
24
22
15
16
19
14
68
35
34
32
34
60
42
41
39
20
54
40
34
33
33
27
22
16
12
35
25
22
14
13
18
24
22
21
23
22
14
14
28
26
27
29
30
33
19
27
24
27
37
35
36
34
64
28
40
43
42
43
41
38
37
76
72
59
51
50
46
41
42
39
61
22
18
18
39
42
17
19
20
21
17
17
16
14
35
29
27
22
26
30
27
25
23
15
18
34
38
42
35
38
24
16
14
44
