121
608
425
515
497
617
514
420
712
133
230
570
167
171
86
323
434
190
224
309
670
261
583
450
467
217
546
291
311
538
598
349
408
190
271
375
229
347
371
443
425
561
158
117
499
297
537
152
378
526
561
738
195
214
435
465
487
390
122
157
347
351
279
617
419
492
278
332
773
891
323
613
321
259
267
304
99
945
977
774
372
323
653
353
172
474
438
496
436
371
108
208
506
313
469
486
204
111
111
316
245
310
288
432
265
307
518
410
571
419
331
171
339
314
705
401
435
441
299
308
322
298
296
250
380
743
462
449
893
377
283
230
254
247
219
351
194
254
216
952
681
