27
49
67
126
194
159
161
132
105
134
171
231
127
137
138
173
205
194
162
149
156
150
231
90
195
204
110
268
263
202
93
120
123
220
158
217
147
135
163
311
153
243
137
132
92
139
266
255
241
157
165
131
168
177
155
174
188
233
170
264
370
315
145
139
109
131
200
179
249
308
148
141
70
163
169
193
293
186
324
162
247
123
212
216
275
131
232
160
198
79
220
220
209
184
148
192
200
228
126
225
173
219
225
241
285
413
208
278
223
271
189
201
136
173
137
219
339
116
231
155
162
171
178
125
180
145
97
251
209
326
229
106
91
185
159
72
158
90
211
182
174
207
206
141
141
172
123
204
205
185
178
190
101
314
163
115
255
104
102
82
75
246
182
110
120
101
87
203
199
201
335
229
230
149
196
286
188
173
232
105
90
183
174
186
151
112
194
250
198
255
231
263
241
184
158
111
186
294
197
157
147
132
161
189
255
140
135
156
204
276
259
179
191
193
379
244
183
242
232
161
223
124
389
126
189
276
200
131
134
163
232
107
88
103
187
218
191
130
170
199
112
109
89
100
127
197
189
133
124
114
115
105
139
171
201
308
117
229
185
133
250
185
121
189
107
126
136
124
196
213
157
126
62
90
298
162
160
154
149
84
65
68
232
180
292
100
178
101
169
174
99
118
128
142
153
282
279
318
277
262
251
194
187
237
213
190
102
132
167
122
