133
184
116
166
127
430
132
128
128
89
120
157
173
139
130
121
243
128
174
232
168
279
118
130
239
246
186
224
161
283
241
150
212
288
155
220
103
113
223
319
222
153
181
127
135
197
165
150
148
126
188
195
262
160
127
200
187
276
189
246
124
176
192
296
211
120
283
166
232
139
149
212
200
228
193
152
113
141
162
271
167
288
173
145
153
165
119
127
124
135
375
131
192
134
114
116
176
185
185
219
143
139
301
195
194
187
228
147
171
236
241
184
242
310
168
170
123
146
134
219
127
158
168
173
148
147
321
139
158
148
197
153
98
177
316
294
83
132
240
101
91
240
244
72
159
187
171
128
160
100
98
313
319
186
238
237
193
149
168
165
51
164
319
277
202
214
220
152
140
135
369
318
189
145
275
175
180
165
216
246
173
156
200
113
144
170
96
195
140
138
141
223
189
155
189
177
145
300
323
188
79
126
138
158
114
86
146
154
178
103
302
243
228
67
70
188
169
261
169
202
210
141
153
313
115
158
155
147
122
49
143
217
80
81
131
125
72
141
175
242
194
221
166
286
239
205
137
91
146
126
217
128
110
182
224
187
239
174
214
130
411
110
107
139
199
289
163
121
88
168
152
155
95
104
242
237
201
186
154
260
262
74
155
170
126
172
159
87
150
201
288
189
136
177
131
167
118
111
