81
319
309
204
240
161
149
99
129
149
115
54
137
93
78
81
144
107
156
137
142
132
127
116
136
121
142
127
121
178
141
92
136
153
141
146
173
132
204
131
132
133
90
109
140
136
118
80
198
149
119
221
111
115
184
126
153
161
94
138
126
126
103
138
78
79
112
129
117
244
291
132
122
136
196
91
109
80
127
135
137
194
96
158
171
127
84
92
190
170
129
171
117
150
79
146
105
80
158
63
70
93
203
118
125
120
80
195
167
167
106
70
48
93
141
167
166
111
171
153
154
130
131
119
108
159
123
112
72
140
194
116
194
118
208
240
169
145
277
210
113
124
99
68
147
165
147
163
109
168
195
68
136
204
157
222
93
156
166
172
136
147
178
178
90
105
195
99
180
232
117
138
113
140
103
136
130
273
96
68
89
295
171
176
105
209
151
214
126
222
64
133
122
223
110
127
128
226
137
200
204
256
80
66
154
85
153
218
199
111
131
69
221
97
143
153
63
117
141
46
39
49
71
214
83
81
75
67
156
107
91
122
91
213
207
104
84
144
256
133
146
124
96
290
176
104
100
106
98
151
153
103
97
128
117
167
131
195
190
173
132
143
109
126
249
187
174
59
65
117
203
154
195
87
60
84
152
159
62
73
197
284
262
96
132
148
111
140
109
166
223
117
183
194
75
112
222
60
124
170
98
56
230
192
193
145
132
131
110
144
130
77
151
84
69
75
149
205
177
182
87
79
144
133
193
129
139
98
123
220
154
85
207
201
109
74
145
157
167
130
149
158
147
140
144
105
89
87
99
72
115
141
