234
230
343
359
223
222
124
117
146
306
149
70
212
125
125
338
129
123
610
233
284
291
150
175
211
168
173
266
149
89
188
217
211
176
293
218
222
302
366
264
271
549
196
167
140
524
220
171
193
190
140
192
56
295
318
340
196
73
358
250
279
158
261
225
178
348
132
229
563
69
47
131
122
143
332
240
81
356
262
255
422
61
70
157
329
221
248
355
124
71
288
283
163
166
376
421
93
198
322
264
301
241
221
145
583
573
577
370
177
410
522
184
391
150
305
242
240
382
327
371
160
690
263
210
657
87
155
228
224
304
428
309
194
138
230
302
189
277
469
314
82
105
277
218
236
233
196
323
317
270
334
117
92
479
583
32
389
166
508
481
280
310
97
203
171
379
209
107
