30
161
113
187
180
93
66
74
102
97
106
136
84
85
93
140
145
116
111
100
83
104
117
126
108
114
96
93
99
76
76
91
111
82
138
113
78
118
99
109
126
104
105
114
115
123
143
118
97
107
168
95
88
102
101
103
124
94
142
139
109
134
155
78
82
97
99
108
85
176
184
183
111
116
117
123
148
137
82
148
158
133
104
112
103
90
110
106
107
198
202
201
142
98
106
98
122
160
148
119
134
93
83
91
124
124
148
182
59
119
154
87
186
179
142
116
161
143
168
170
81
71
103
112
113
115
113
88
98
93
83
109
110
139
189
173
197
82
128
124
102
143
119
136
89
120
130
121
172
88
80
113
122
121
122
172
115
138
156
104
131
122
89
126
78
83
89
84
180
84
104
149
197
95
161
109
162
134
112
123
118
98
107
106
116
77
105
110
109
76
81
93
133
117
75
79
83
85
100
98
122
109
98
109
118
97
145
122
100
87
75
92
114
103
126
124
112
135
161
107
122
100
88
150
102
82
97
87
67
76
140
71
83
108
108
92
94
81
119
122
96
120
115
113
113
118
104
162
103
114
104
75
83
68
86
96
109
115
77
155
156
237
161
173
162
192
152
116
99
112
125
134
120
115
69
176
144
108
113
68
99
98
93
146
126
127
115
129
142
157
77
124
117
108
108
96
93
111
84
83
108
100
93
119
92
96
103
91
134
73
113
74
110
208
113
102
101
103
118
150
140
129
120
123
140
106
100
85
102
91
69
95
75
81
68
81
60
77
160
129
126
86
109
102
96
130
148
161
120
149
130
126
114
108
134
120
110
103
98
90
131
85
108
98
101
103
100
138
90
103
148
129
167
142
176
158
96
99
112
112
90
111
95
96
120
116
88
85
99
81
94
110
99
137
136
99
135
113
144
112
107
65
73
118
145
101
138
121
79
145
108
122
93
96
161
186
146
116
103
118
130
107
119
88
75
74
75
118
89
168
137
111
112
75
91
92
84
95
90
83
126
97
98
74
122
117
75
111
90
90
117
109
141
128
83
157
90
122
124
218
169
127
113
112
83
81
82
82
95
105
86
175
123
138
86
104
92
157
73
88
83
94
124
79
106
102
110
143
126
88
123
95
110
139
107
132
193
100
99
77
92
130
82
106
149
106
135
115
94
123
74
136
158
167
72
136
92
121
110
105
90
65
86
89
76
117
112
119
123
94
93
102
85
105
179
131
130
83
150
116
121
117
142
91
108
119
108
121
88
94
86
