126
138
113
89
150
88
234
252
42
176
209
151
349
139
130
107
100
50
215
393
198
240
126
112
87
90
170
210
268
264
58
171
156
86
164
158
169
225
111
106
169
166
154
88
150
117
125
182
212
159
81
105
91
181
262
294
384
329
76
158
213
113
106
289
221
161
216
161
117
121
135
234
238
93
141
114
150
79
231
44
70
196
174
371
162
296
172
61
197
196
180
184
147
149
118
77
65
233
130
152
83
213
146
142
252
137
158
198
141
140
165
109
189
161
81
98
159
143
175
120
129
211
184
205
208
130
167
170
102
50
201
218
158
130
63
199
168
176
187
206
218
255
51
57
117
360
152
124
149
150
97
76
326
116
71
106
98
177
160
80
72
189
206
101
69
89
85
41
82
91
123
100
141
118
142
87
67
184
98
126
110
345
322
53
143
357
153
153
98
158
86
84
110
110
176
175
148
200
117
72
119
102
130
220
220
200
179
103
197
82
211
163
178
87
111
108
183
110
125
117
175
252
137
215
126
137
125
99
112
290
170
159
133
186
248
108
108
137
161
83
93
179
234
197
132
129
242
146
122
57
192
103
157
72
99
137
186
190
164
135
249
135
253
137
110
65
68
74
184
147
81
59
217
99
220
67
126
93
214
214
117
265
47
156
76
77
59
98
209
281
200
110
237
249
267
371
362
155
281
118
328
241
167
92
210
168
231
162
56
108
221
105
76
94
117
250
230
311
379
205
122
140
244
100
244
193
119
111
222
158
171
204
