84
487
123
176
106
153
205
330
115
199
242
152
199
236
172
112
228
219
199
142
148
95
140
159
226
180
213
260
119
241
133
226
274
173
181
154
137
284
180
128
245
317
253
215
173
171
117
161
217
199
152
81
179
206
174
305
286
129
111
326
199
132
279
192
159
114
179
113
231
242
220
360
364
257
89
126
188
218
136
212
165
186
180
108
226
144
153
175
202
228
180
111
106
132
190
208
140
146
195
195
220
166
145
170
184
131
114
159
97
141
102
193
112
157
114
143
154
140
168
132
200
204
205
206
241
89
125
153
80
135
181
62
125
108
161
218
121
186
384
211
151
208
166
171
125
154
122
142
188
110
112
137
181
185
244
247
134
172
207
83
118
163
64
98
187
167
107
125
120
188
264
223
219
165
147
200
93
137
201
89
230
136
133
231
341
66
155
203
154
106
225
296
129
208
97
102
131
147
80
199
65
126
71
80
153
140
236
180
145
97
114
292
108
204
263
182
184
139
204
107
155
209
230
100
248
255
162
219
193
97
110
198
203
122
198
129
190
178
143
147
111
242
233
219
142
73
197
204
146
241
283
266
158
59
205
189
169
141
159
185
92
216
267
185
169
196
200
118
276
139
