130
127
104
98
98
109
128
202
151
119
52
129
83
105
128
144
144
134
70
78
108
141
138
171
186
241
132
150
169
151
149
127
128
135
142
197
163
158
180
215
204
212
170
70
62
53
188
142
168
130
116
90
135
74
133
167
91
220
152
176
167
230
187
170
133
108
114
89
130
130
134
102
133
130
101
231
153
135
85
109
197
167
156
169
116
117
163
59
165
133
145
178
166
201
133
146
133
153
174
171
54
54
57
173
82
199
111
102
154
89
110
153
153
104
102
105
184
153
67
67
132
106
87
118
100
74
93
165
105
199
170
214
112
110
105
81
84
135
107
119
140
186
129
131
167
194
232
150
132
132
130
137
175
232
150
172
79
102
220
227
116
93
71
142
108
171
168
127
74
73
130
80
208
198
133
132
150
156
142
92
122
202
145
148
179
115
139
300
275
303
166
179
148
199
206
151
80
149
141
144
129
261
136
142
109
235
61
150
183
159
80
241
231
223
117
122
213
144
141
159
180
165
190
92
90
77
167
92
307
200
200
290
136
233
173
142
372
121
221
202
80
113
181
161
119
99
182
218
154
174
145
114
123
66
64
188
232
104
113
129
147
86
180
123
187
176
135
153
173
126
142
143
108
109
120
151
129
145
128
111
78
232
258
85
132
168
188
165
158
168
182
124
120
127
147
212
145
71
123
105
135
165
147
181
68
102
102
125
165
181
149
137
135
133
231
118
272
194
176
167
86
97
166
89
117
128
116
132
146
186
128
104
170
253
141
146
98
126
135
166
144
108
120
176
208
124
77
74
353
180
216
152
173
175
177
166
156
173
152
196
159
180
159
156
138
208
167
175
110
133
