80
181
268
152
160
131
215
335
371
427
278
234
123
491
358
265
247
139
378
203
219
264
138
169
324
386
349
423
470
163
178
153
378
235
244
252
267
266
431
291
162
214
240
277
242
332
304
185
228
188
160
372
314
616
727
231
230
224
213
169
214
112
342
251
145
188
309
225
141
562
395
203
152
196
238
163
326
326
392
381
170
356
282
414
264
168
340
374
300
312
195
139
218
210
218
211
253
192
395
175
273
451
308
280
83
130
170
205
170
374
416
219
212
181
165
387
317
342
358
222
232
288
222
428
337
345
173
170
183
306
177
408
250
441
283
228
190
195
209
300
243
140
346
321
283
263
360
356
296
335
216
281
307
215
248
190
136
287
283
210
211
207
97
196
163
265
307
399
474
354
265
121
244
167
320
160
209
283
229
373
220
280
295
338
347
208
134
198
275
162
131
356
185
208
371
239
225
405
339
224
241
255
534
221
126
213
194
334
339
448
273
384
188
194
370
237
152
202
208
195
162
248
134
269
234
265
271
290
468
264
242
205
381
518
558
196
