255
214
116
484
127
190
156
314
284
475
294
478
97
625
640
255
436
289
441
261
203
231
242
259
211
363
218
266
238
241
429
443
533
159
131
249
226
278
214
178
213
277
241
461
142
151
122
173
166
252
235
174
174
156
177
277
307
366
381
200
272
301
495
437
237
253
278
206
184
212
174
214
197
165
286
192
183
304
199
200
360
249
147
326
321
193
226
249
147
164
650
199
166
118
410
530
471
270
315
181
246
302
220
119
386
354
427
321
342
253
218
219
161
533
585
172
505
120
271
359
271
323
362
329
172
293
383
420
282
378
208
327
352
346
159
290
304
171
322
157
488
258
242
252
623
502
113
326
491
437
356
272
133
180
252
202
207
498
675
348
373
124
486
384
384
161
247
210
237
230
804
351
184
221
227
237
239
239
125
225
342
275
263
177
162
169
123
120
263
153
170
340
448
516
158
215
324
253
456
205
184
