40
32
69
56
46
34
36
39
36
38
43
36
35
31
31
27
26
27
26
24
28
25
24
25
23
46
47
70
62
50
59
45
54
46
49
48
55
49
51
68
56
55
53
46
41
38
42
44
40
36
29
38
45
50
60
36
31
30
29
23
31
27
25
24
32
30
23
23
26
23
18
22
21
22
21
25
20
20
37
55
37
51
61
60
54
53
37
32
26
23
21
36
34
29
25
18
22
19
24
24
18
21
20
22
21
20
40
32
27
29
26
24
32
31
33
32
28
46
55
45
42
39
35
33
29
29
40
32
26
24
33
32
30
24
26
31
25
21
39
35
43
59
62
48
43
45
43
41
59
61
54
39
37
36
43
38
30
23
21
37
43
25
31
31
28
29
27
26
50
48
75
58
54
44
41
40
38
51
48
43
27
27
30
25
24
38
30
35
27
27
23
26
34
33
49
51
47
54
51
38
55
40
34
34
30
33
31
34
33
34
38
36
32
30
40
28
28
26
31
44
37
34
33
26
32
36
39
38
34
27
24
22
46
42
36
37
33
27
19
30
29
23
31
35
38
32
27
65
48
45
43
65
57
35
30
29
32
27
45
39
38
36
37
37
51
37
40
33
31
23
26
28
26
35
32
52
57
59
52
50
35
27
25
21
55
51
54
65
64
43
36
30
35
32
34
30
27
36
33
42
39
37
23
22
21
46
44
45
22
20
19
22
41
36
38
37
23
20
19
32
28
25
22
20
19
24
23
20
25
21
19
65
45
42
48
39
35
43
50
61
52
53
52
56
52
52
45
49
46
43
46
44
36
45
55
27
40
37
34
27
24
23
22
37
35
30
29
40
53
43
63
44
46
49
44
35
34
30
34
29
29
34
34
32
36
38
37
33
39
41
38
49
50
39
36
29
32
27
23
31
24
21
18
42
39
42
33
32
52
64
58
56
43
43
43
43
38
38
37
35
42
38
39
34
33
35
24
27
24
19
18
20
42
41
26
24
46
36
67
66
53
54
71
37
45
44
43
39
45
50
52
67
40
47
52
52
50
49
47
46
48
39
46
42
40
38
39
38
32
43
50
38
38
39
32
31
29
28
35
38
31
29
31
37
31
51
51
27
25
24
22
20
38
36
33
39
41
39
55
42
42
53
44
43
39
37
38
30
28
18
26
22
25
21
23
22
20
32
28
28
42
39
58
52
72
59
58
48
54
47
48
66
66
86
75
54
46
48
44
51
55
31
37
31
29
27
27
48
45
46
37
33
31
37
41
34
37
34
57
43
46
45
43
35
33
26
58
42
44
73
46
35
49
42
64
44
39
39
41
50
48
36
35
32
38
27
21
19
20
31
26
36
33
30
36
31
32
39
45
38
49
45
46
43
50
43
50
47
71
88
53
51
45
42
41
43
42
34
32
31
29
27
24
24
22
20
23
30
23
59
66
55
54
44
39
36
33
31
39
31
33
24
30
30
23
26
70
34
21
34
33
31
32
26
29
36
48
43
44
38
79
73
54
39
43
49
54
42
34
53
51
58
52
48
34
51
39
43
44
43
62
78
34
33
25
26
32
42
43
42
41
39
38
25
26
25
26
38
40
45
42
41
47
47
53
52
54
39
45
34
29
46
38
41
42
35
33
29
41
48
47
51
46
43
33
35
25
25
23
43
57
45
74
72
46
44
42
44
59
55
39
45
42
46
70
42
44
43
38
34
57
44
42
36
52
42
38
44
48
44
41
39
44
42
51
42
34
36
28
49
39
59
44
53
56
62
50
78
42
44
48
41
54
53
51
50
52
47
46
42
54
46
45
51
51
38
32
29
27
31
27
32
32
41
38
58
43
45
42
40
41
54
49
50
47
45
51
44
43
41
45
51
45
37
35
25
40
44
36
52
53
37
36
29
34
53
45
43
39
39
36
33
28
49
48
38
52
46
47
40
36
39
45
57
56
50
45
43
43
31
43
45
40
32
31
35
44
59
48
46
39
46
45
40
41
26
43
40
39
39
32
29
32
53
50
51
49
55
60
55
41
46
42
51
48
40
35
47
54
46
67
53
94
90
77
43
43
46
47
41
39
46
48
62
55
60
42
44
41
40
39
34
38
41
53
62
49
49
46
45
48
50
48
43
43
48
46
45
52
51
51
47
55
52
51
44
37
52
50
44
44
40
53
49
48
44
38
41
35
60
35
27
36
55
48
47
55
64
74
70
58
44
65
56
55
49
58
49
48
39
37
28
33
23
63
48
51
41
59
51
50
72
40
38
36
25
24
21
31
44
47
53
60
59
58
53
74
50
45
40
41
43
41
37
36
31
39
44
33
34
29
27
25
28
33
33
45
54
52
65
70
30
47
66
50
45
44
35
58
53
48
67
39
37
56
49
44
42
30
25
32
58
53
42
65
64
54
53
50
48
40
38
34
25
25
23
40
51
44
43
46
72
70
91
45
41
31
30
28
50
55
44
41
51
48
83
82
32
30
30
43
36
36
38
42
56
39
38
33
24
27
36
36
34
36
35
34
44
53
57
51
47
44
40
39
47
53
40
39
42
52
56
48
46
45
44
34
32
22
23
23
24
25
39
49
39
36
27
64
41
37
32
34
51
46
42
34
23
29
26
33
40
45
42
33
30
31
28
33
29
26
23
20
18
24
34
38
37
31
32
34
38
38
35
33
32
35
61
49
40
67
58
57
49
37
35
33
36
51
45
41
48
50
51
43
98
44
43
43
47
19
20
29
45
42
37
30
28
26
25
22
32
26
25
20
23
22
23
34
36
23
20
21
20
19
18
20
36
31
28
34
33
44
45
41
35
32
32
37
42
42
36
34
30
31
28
26
40
36
34
45
46
53
51
50
40
36
31
28
31
25
69
