165
130
53
62
194
154
41
106
120
116
85
219
220
147
137
96
73
83
56
55
152
103
90
80
153
118
129
58
58
210
201
65
63
171
145
205
280
137
105
174
61
101
64
134
190
193
64
88
77
174
174
115
63
183
93
76
116
103
197
140
126
144
130
143
213
143
162
121
213
80
88
91
86
373
378
208
114
110
94
160
127
105
92
76
117
138
222
61
93
196
177
123
330
94
161
163
196
79
183
150
175
142
131
131
139
113
202
81
126
152
428
148
194
165
137
118
122
148
196
104
122
330
155
136
94
192
169
183
141
148
148
55
121
67
67
63
101
199
140
119
92
112
157
105
151
114
122
73
97
178
106
56
97
148
186
162
79
69
68
86
67
71
109
112
122
96
72
63
87
126
113
112
91
154
95
54
70
155
330
148
123
157
108
129
321
241
118
200
83
135
105
62
180
37
205
286
81
152
146
113
155
132
141
139
80
99
96
201
91
124
92
86
141
111
68
181
163
83
159
160
130
174
86
125
109
99
99
152
133
144
188
109
241
104
145
162
102
101
155
117
250
97
201
81
172
97
189
205
199
121
89
84
142
210
133
278
59
84
192
255
119
97
129
174
75
70
66
152
189
112
187
56
117
207
67
195
121
193
162
89
152
110
341
185
95
78
80
163
86
106
157
63
196
137
61
88
96
131
107
117
225
198
200
109
307
97
181
88
149
119
190
95
87
