58
74
74
78
64
57
72
67
70
58
63
64
70
71
67
74
61
62
62
62
66
66
66
63
65
72
68
73
61
65
59
59
66
62
77
61
76
81
74
73
62
77
57
76
77
68
55
63
75
65
71
65
78
82
80
71
70
71
66
59
64
75
80
63
64
81
79
66
60
60
68
77
67
55
66
66
58
68
71
67
62
57
58
65
75
62
79
75
55
56
69
60
60
81
77
65
67
65
81
77
62
66
60
66
68
64
68
63
62
60
67
60
56
66
61
70
68
67
63
71
75
75
68
68
64
83
61
58
67
57
62
62
68
56
68
69
62
62
63
64
67
62
65
70
70
67
77
57
63
60
82
67
67
71
57
64
69
74
67
68
61
77
66
69
62
71
72
63
66
70
72
84
77
71
64
85
78
84
61
66
71
70
62
74
75
69
79
70
66
63
85
87
90
63
63
62
58
64
64
61
57
64
61
66
77
72
67
69
61
63
66
74
59
65
66
66
71
77
62
63
69
65
65
71
73
80
76
69
73
71
56
56
63
63
64
62
71
67
66
64
62
79
67
68
63
66
66
62
68
64
72
70
72
56
66
65
66
64
61
66
68
58
60
64
79
79
68
78
59
75
72
70
70
64
62
79
75
76
78
65
80
81
74
73
62
59
61
71
65
73
70
72
75
72
65
77
64
64
73
62
64
70
70
62
57
68
63
63
81
83
66
61
67
95
101
63
70
71
65
68
72
68
74
74
73
62
61
77
62
68
68
68
68
57
58
86
70
69
59
56
56
62
61
68
62
62
62
66
89
81
67
60
63
57
74
75
73
67
70
61
83
63
86
62
69
78
72
66
55
68
68
72
72
61
66
68
66
67
68
59
66
73
63
67
68
74
80
80
70
69
62
59
63
57
58
71
61
65
67
58
59
68
85
71
65
64
59
67
67
61
66
56
60
60
81
64
56
69
84
84
74
65
74
69
66
70
66
56
56
73
73
78
72
76
69
59
71
69
75
83
62
56
63
68
66
70
65
58
59
56
58
61
70
79
73
69
63
57
68
61
56
58
56
56
71
67
67
71
77
66
81
70
70
70
69
69
71
68
70
66
66
73
61
60
60
60
60
56
62
65
71
71
71
71
57
69
71
66
77
71
63
70
56
70
76
76
76
62
62
74
80
66
66
63
70
71
77
62
76
76
59
69
64
62
76
68
59
67
60
62
62
62
57
56
70
73
79
65
65
73
64
69
70
72
56
68
72
65
82
66
79
79
56
56
60
60
64
63
63
68
79
73
69
79
78
86
67
63
62
57
72
66
67
77
75
77
69
79
68
66
67
81
73
71
57
64
71
83
62
64
69
64
76
74
56
56
69
77
87
59
59
63
60
60
67
64
65
69
73
68
66
59
59
67
56
60
67
67
57
63
63
63
74
83
74
67
71
69
60
60
82
71
61
72
61
73
60
67
73
63
67
74
68
75
74
72
71
77
81
71
71
70
69
70
70
66
66
66
69
72
72
68
62
65
66
66
68
76
74
60
57
57
69
67
66
82
61
56
61
61
82
77
65
70
66
68
68
67
72
65
71
69
66
67
61
64
77
75
65
60
65
78
70
68
70
63
81
60
61
65
65
71
62
62
66
56
65
71
61
62
67
63
69
69
77
83
68
59
68
68
74
62
66
66
74
69
57
65
69
67
67
67
73
86
86
76
60
66
66
65
62
62
63
73
58
56
61
64
72
68
53
67
63
60
63
62
62
61
63
76
67
71
71
71
68
57
56
56
77
60
64
60
63
64
66
60
62
60
60
69
71
70
64
83
84
67
64
75
73
73
60
68
78
79
63
65
63
72
64
77
72
67
64
64
66
68
71
72
66
62
80
72
70
63
63
67
72
78
62
66
65
63
67
59
59
59
59
56
62
76
61
59
59
56
76
75
62
67
56
62
62
68
67
74
66
73
73
74
78
72
83
65
56
61
67
67
67
56
68
66
64
83
57
55
59
79
79
72
62
61
67
69
72
64
66
69
69
76
62
58
63
63
70
79
68
77
61
73
75
74
65
60
67
59
59
63
66
72
66
66
83
62
64
68
71
61
73
77
72
67
75
75
59
65
62
62
66
64
65
62
57
76
75
65
69
61
61
68
78
88
89
74
57
68
79
68
74
69
61
62
58
67
77
67
68
58
59
66
70
68
66
61
61
75
65
75
66
71
80
68
63
56
60
69
79
74
91
77
77
66
68
67
77
66
67
70
69
79
64
68
94
73
73
67
63
56
79
75
58
63
59
85
77
60
59
68
67
61
61
70
73
73
57
77
64
55
72
66
66
63
75
74
80
81
76
71
62
61
72
66
64
54
66
70
83
72
67
67
77
71
71
76
82
71
81
73
56
62
73
78
85
60
74
58
61
70
59
58
63
64
68
69
55
66
82
71
61
66
62
62
81
62
71
71
68
64
61
55
67
64
68
66
69
69
78
84
63
74
67
74
75
65
71
66
