124
131
161
177
152
129
77
61
161
134
133
161
106
99
165
183
239
161
260
163
127
111
133
215
201
132
162
253
221
208
154
154
126
133
275
265
197
239
59
227
240
99
126
88
102
103
111
258
228
84
202
123
64
180
142
266
272
129
116
326
201
218
102
68
192
209
228
184
166
98
152
154
147
183
337
59
123
227
299
206
178
117
183
178
123
86
80
224
365
137
255
286
146
140
112
104
149
215
220
140
138
113
247
119
140
280
150
188
178
175
175
167
273
179
207
226
222
164
157
125
114
153
171
178
190
154
184
126
255
211
78
286
97
107
113
114
150
98
172
52
169
156
142
105
173
125
172
198
157
180
220
233
115
127
176
268
131
151
125
297
138
259
130
121
127
117
200
121
140
152
115
216
94
111
164
108
132
148
117
107
160
73
175
112
180
274
287
130
122
74
89
162
109
102
141
110
142
74
183
255
157
157
198
129
188
304
170
217
123
70
57
226
118
113
95
231
139
155
220
166
117
93
114
90
80
81
165
229
161
83
116
125
123
192
128
111
121
112
126
168
177
147
159
103
105
98
126
202
196
123
283
136
65
111
198
105
118
94
53
120
117
144
198
199
153
151
83
76
209
212
144
179
295
163
103
89
183
174
159
115
113
167
130
249
257
212
144
199
244
210
223
190
201
201
175
