86
60
56
70
72
60
101
77
78
150
104
99
103
93
80
67
71
84
100
76
48
68
68
97
73
56
64
86
88
93
65
64
107
103
94
86
68
88
84
86
183
149
84
85
92
82
72
72
84
88
76
119
63
124
88
81
121
107
85
68
91
105
75
66
125
99
87
62
142
85
81
53
75
75
101
112
52
58
67
121
109
65
80
71
67
73
72
107
83
74
63
81
76
122
112
136
122
116
97
96
91
91
161
137
95
53
44
84
76
89
87
91
83
83
85
122
89
84
65
74
56
93
93
83
83
78
89
57
106
167
89
83
80
83
78
75
107
85
84
80
66
70
88
81
69
65
74
76
65
52
86
118
107
88
65
56
98
70
62
55
63
103
125
71
86
78
92
104
80
135
111
64
60
136
135
88
79
76
87
65
55
58
53
97
75
87
57
58
63
74
71
78
84
81
124
56
106
67
119
123
107
76
73
59
83
68
67
68
85
78
74
60
68
117
92
80
73
80
54
73
88
73
85
88
77
114
98
82
72
66
93
54
74
92
57
127
90
54
64
89
67
76
98
72
63
61
72
72
74
119
107
112
114
96
91
98
63
61
70
79
48
52
137
62
61
63
95
94
62
101
96
73
52
100
52
48
87
77
64
62
87
82
102
75
90
91
90
86
50
77
76
77
46
91
135
98
76
97
56
71
125
61
87
97
143
70
74
52
101
59
67
97
97
81
84
94
59
60
59
56
54
62
68
86
95
94
63
47
44
70
80
65
64
57
63
94
71
98
136
103
116
124
82
65
57
60
60
57
85
53
77
62
66
66
80
115
85
80
89
81
58
91
58
71
67
139
69
68
80
71
78
93
62
87
81
82
68
90
100
63
55
89
104
70
66
100
76
54
83
111
88
62
106
76
62
58
59
53
79
75
78
88
63
77
87
82
79
51
44
91
76
53
61
73
54
99
70
109
68
58
102
84
78
62
114
88
114
72
70
107
72
58
77
111
87
71
96
65
132
137
60
66
86
123
125
77
77
77
74
65
78
62
96
102
58
68
93
90
67
86
156
96
92
101
140
76
92
85
93
71
66
61
76
84
74
78
64
78
68
59
80
89
89
84
95
88
61
67
56
77
51
106
116
61
73
87
63
58
98
67
66
67
79
78
74
99
51
110
68
76
76
81
58
78
109
94
85
71
66
143
51
67
196
110
118
75
103
66
60
78
80
89
81
85
67
82
59
60
94
87
