50
49
45
41
39
39
39
34
67
54
50
50
47
39
56
54
38
40
47
36
34
32
31
30
51
58
54
68
56
63
61
57
81
59
46
48
56
58
52
49
58
57
68
54
60
52
49
57
53
60
51
53
40
29
33
25
25
39
31
28
28
32
31
30
28
31
23
26
26
22
23
22
32
30
30
26
44
70
57
53
51
51
71
59
38
28
28
24
28
28
32
29
37
40
23
21
21
44
37
34
31
29
25
30
27
27
23
24
37
37
28
46
68
51
35
31
48
47
45
30
49
38
30
26
26
42
40
37
45
43
40
59
49
44
54
41
54
53
52
59
53
50
33
30
45
46
43
36
30
31
27
41
41
47
41
43
32
29
52
48
46
68
86
58
48
46
42
47
45
50
48
54
40
40
29
33
31
29
27
30
23
45
43
39
32
29
32
32
27
34
71
49
49
56
43
50
42
37
41
33
24
23
22
22
34
35
44
38
34
50
49
46
32
37
30
30
30
30
28
27
25
39
42
46
32
33
50
55
42
40
36
29
28
28
25
42
44
46
44
40
45
31
23
24
31
31
29
34
36
48
46
42
40
32
32
51
71
52
46
46
40
40
37
37
38
71
46
27
38
40
49
46
45
40
43
50
45
45
38
35
25
22
31
27
40
44
55
59
66
44
44
39
28
24
29
24
26
22
60
47
49
56
55
55
79
78
48
46
37
40
37
31
31
28
47
35
25
23
24
26
28
38
43
34
30
27
25
23
21
31
25
27
25
29
22
21
39
67
49
46
48
52
49
62
47
53
57
60
48
58
54
47
47
58
47
49
48
51
51
44
42
43
37
45
47
44
33
42
39
31
27
28
27
44
39
29
29
56
49
49
67
45
55
66
50
45
43
41
37
38
38
43
32
32
32
48
45
43
43
38
37
40
33
39
38
38
43
44
45
45
44
33
31
35
31
38
27
43
42
42
42
45
38
40
37
49
54
54
50
49
50
48
42
39
37
45
45
39
36
36
31
30
30
34
42
34
26
32
32
32
27
32
44
36
34
34
30
26
43
55
45
41
49
45
43
54
52
49
54
51
52
41
39
42
53
67
47
46
46
39
45
44
37
37
29
37
34
33
33
38
44
48
46
44
34
30
28
26
28
40
41
49
43
43
45
50
53
64
62
50
52
48
48
48
44
26
24
22
28
24
26
24
44
49
85
51
46
90
72
48
48
55
55
43
33
38
40
50
51
41
48
51
46
46
46
40
33
33
43
47
56
47
47
28
56
52
46
68
68
65
68
42
43
40
44
42
37
34
31
29
26
22
21
25
23
28
46
33
51
51
51
49
53
53
54
50
54
54
53
53
67
65
67
67
54
52
55
49
47
43
36
35
28
27
30
27
27
31
29
41
30
37
70
38
39
33
27
31
70
48
40
41
29
26
42
42
48
54
54
51
45
42
62
44
41
45
52
55
50
60
58
59
39
53
48
43
63
51
51
47
48
48
42
34
28
34
40
36
32
30
37
26
45
59
50
48
44
39
40
34
31
31
27
24
27
43
45
50
49
49
47
46
41
41
39
37
37
30
34
53
55
45
38
40
32
29
23
43
47
45
61
61
62
57
60
57
67
54
73
73
54
47
46
50
48
48
48
46
49
46
49
46
48
48
53
56
61
45
39
48
53
44
49
51
58
38
30
28
61
52
44
36
59
55
59
42
43
56
67
52
54
56
53
53
53
42
43
57
54
49
53
51
45
42
53
51
51
40
35
24
43
41
38
34
31
29
27
32
31
29
39
68
69
49
60
49
46
43
63
61
51
52
53
53
49
47
49
43
39
33
33
33
22
26
41
41
40
36
48
46
46
44
42
57
52
33
40
44
54
51
72
72
38
34
30
51
47
54
50
42
60
47
47
55
53
55
32
21
45
42
41
38
33
33
34
34
33
35
33
43
44
44
42
60
51
51
51
47
41
30
41
38
46
41
48
34
36
28
25
55
46
45
46
46
53
50
50
39
41
40
48
55
87
44
42
35
44
45
88
62
55
52
36
36
36
36
54
68
63
52
52
62
52
52
44
52
57
58
38
52
46
53
46
45
46
62
58
35
41
33
30
65
54
54
50
89
68
66
44
42
41
41
72
60
42
43
38
38
29
59
47
46
44
49
32
30
42
36
36
32
48
51
51
57
45
59
56
49
51
49
41
47
46
46
40
35
32
34
30
32
33
60
54
81
46
36
36
31
68
71
52
50
49
40
59
57
46
44
56
45
54
52
41
37
34
32
57
56
59
56
51
34
31
35
35
32
27
23
27
44
44
44
56
45
42
45
39
36
36
36
29
34
40
53
50
43
43
63
65
53
55
61
79
31
29
35
35
43
39
54
47
44
36
34
25
35
39
46
40
33
33
74
70
44
39
65
50
60
73
54
47
55
56
43
44
42
38
23
31
77
46
69
48
40
38
41
48
22
27
27
27
46
43
36
30
28
25
34
46
49
49
39
35
35
31
33
23
38
41
45
43
40
38
38
35
39
36
40
34
39
31
50
65
58
42
42
46
46
51
38
52
52
51
43
44
50
59
55
54
47
56
65
45
53
48
62
67
58
49
51
51
41
35
33
33
51
56
34
34
30
23
27
30
22
22
22
24
25
28
24
25
31
36
42
37
29
35
33
46
39
32
43
47
40
40
41
43
49
43
41
41
35
35
34
46
55
55
58
49
51
46
58
34
27
30
27
34
56
60
