55
80
61
63
72
67
79
68
65
66
58
66
65
59
65
71
71
68
77
68
62
55
58
63
74
63
69
56
79
74
63
59
68
72
89
70
67
66
53
53
51
57
60
69
59
53
70
70
73
56
65
63
63
53
53
62
54
59
58
63
69
57
66
72
70
83
83
77
70
67
60
74
62
65
59
57
63
63
63
54
69
63
64
57
66
65
65
62
62
62
74
68
68
65
60
80
68
52
52
59
59
60
64
81
81
62
56
54
59
66
52
67
69
63
58
60
59
72
60
60
71
69
67
73
61
62
61
67
67
62
61
64
55
60
63
60
60
55
55
61
79
75
70
53
59
51
56
65
71
69
65
58
71
57
65
65
82
75
68
62
57
61
60
72
66
62
67
61
63
61
63
57
59
65
65
64
64
69
69
54
66
75
89
76
84
69
56
62
55
59
57
58
66
68
72
76
70
69
74
60
56
59
68
64
70
64
66
62
60
54
58
59
60
54
54
54
59
62
75
60
60
58
55
55
55
60
59
76
66
64
65
75
63
64
70
72
68
53
63
59
68
56
64
55
71
62
57
61
70
68
77
61
61
67
65
64
58
58
58
57
62
62
65
62
65
58
69
68
60
61
68
59
65
80
63
62
63
71
65
62
60
58
53
72
73
69
64
57
57
68
56
60
59
66
59
59
63
69
65
65
62
60
63
53
54
58
73
65
65
60
68
83
67
59
63
74
83
62
67
77
55
64
64
73
70
69
65
65
71
59
56
47
65
58
54
58
73
58
75
72
76
63
53
62
58
69
54
54
59
86
78
76
68
74
60
61
62
65
61
62
72
60
61
65
84
57
63
57
70
67
58
58
64
59
74
63
56
60
65
70
64
61
66
60
64
67
66
58
58
61
68
69
65
53
66
83
60
64
64
64
64
64
61
70
63
63
71
58
76
58
62
64
53
69
84
77
65
65
69
80
71
58
54
57
78
63
73
70
73
57
79
58
64
60
51
68
74
65
60
61
63
60
57
59
61
61
69
53
55
62
68
63
76
73
62
51
51
56
63
61
65
56
64
62
67
64
64
70
56
69
58
54
68
55
65
67
67
63
69
62
65
68
68
73
68
65
67
73
66
73
59
53
57
54
71
79
79
73
68
72
79
59
66
59
57
73
64
59
52
53
56
62
68
73
62
72
71
70
70
60
66
65
66
74
69
60
56
63
73
63
68
76
51
74
68
65
60
77
64
61
65
66
63
69
72
72
59
62
76
72
57
67
72
66
65
52
61
63
71
66
78
79
61
54
53
53
61
61
65
82
87
63
65
70
56
70
60
61
69
83
80
61
57
73
62
72
63
73
70
62
67
64
63
70
57
59
60
70
85
84
65
65
64
52
68
71
58
64
72
70
61
69
63
58
58
58
57
64
69
63
62
67
76
73
67
67
71
60
54
71
66
57
57
68
54
61
61
60
60
63
58
58
55
53
59
64
62
63
63
55
55
60
62
62
61
65
63
58
69
68
63
58
52
52
60
64
70
59
71
77
67
70
70
77
71
58
62
68
68
63
59
59
63
69
57
59
54
74
64
57
59
76
76
64
60
62
60
66
73
62
65
58
58
60
65
65
66
72
72
59
83
65
60
69
73
63
63
64
58
62
59
63
71
74
62
61
71
59
59
72
64
57
57
54
62
60
59
68
54
58
67
66
60
63
82
69
60
60
67
72
71
64
64
62
59
60
73
82
83
72
63
70
58
67
66
60
57
57
58
59
57
74
73
76
64
59
64
64
63
60
57
56
61
67
63
63
65
78
62
57
54
66
60
64
72
65
61
61
63
51
51
60
53
59
59
66
65
66
61
61
61
71
71
81
79
74
81
58
71
69
69
64
84
59
69
68
78
65
77
61
68
74
70
69
62
61
59
59
54
54
76
61
68
73
67
67
64
72
72
65
57
65
65
59
55
59
68
60
78
67
69
61
75
52
59
58
58
59
57
73
64
58
67
68
63
63
63
63
79
65
59
57
62
65
66
66
91
75
65
60
63
61
65
65
64
59
63
55
59
69
69
76
58
68
68
63
74
68
53
59
59
67
62
66
65
59
58
69
77
64
57
82
64
74
74
52
72
67
61
68
71
70
66
66
62
66
66
63
73
71
72
59
70
75
60
68
61
72
57
56
70
69
61
49
49
60
65
92
51
63
58
64
58
66
69
69
69
60
81
63
64
67
77
68
68
62
71
58
58
56
58
64
70
65
62
60
70
80
72
68
69
59
69
69
68
75
70
59
59
63
63
70
63
58
62
66
59
69
78
64
65
67
62
62
59
59
65
71
70
60
78
69
61
70
58
83
63
78
72
77
57
57
61
67
65
61
76
76
65
77
74
