86
155
138
397
95
375
560
89
237
327
237
118
306
84
139
139
380
510
350
281
568
423
435
332
186
508
193
196
311
142
133
285
406
392
296
402
478
142
47
425
429
426
609
184
281
303
320
145
260
141
366
324
168
342
426
90
264
366
380
530
261
463
421
130
265
405
317
266
456
205
155
543
331
477
443
208
448
314
260
156
370
353
172
224
264
275
299
329
253
421
208
430
273
188
382
268
286
602
159
293
241
296
203
259
269
164
203
183
387
775
498
146
300
261
69
88
161
272
145
324
246
224
221
417
607
296
273
293
303
165
234
122
520
737
297
166
203
150
503
533
388
845
985
157
308
350
147
230
222
416
458
