91
191
203
199
178
150
128
237
200
430
286
540
211
165
283
313
293
155
123
122
188
319
301
170
564
450
413
468
309
215
181
190
198
221
286
370
288
193
236
251
269
309
321
273
277
171
384
375
216
665
281
129
203
232
203
259
314
312
205
209
283
155
214
237
174
243
420
426
501
362
206
353
371
172
465
262
277
377
359
352
192
201
210
167
266
379
470
263
142
197
286
353
186
423
352
182
208
273
312
135
299
208
257
103
166
125
167
243
269
174
220
216
315
136
207
326
222
162
227
334
176
204
229
239
313
144
226
220
377
397
251
173
203
392
194
196
436
201
267
75
245
150
333
248
159
183
195
380
175
502
267
224
202
198
203
188
202
181
193
222
252
568
238
185
278
342
361
194
431
445
560
114
212
270
452
406
236
235
301
262
506
248
378
201
321
188
218
230
221
205
472
217
371
362
433
254
268
124
322
250
93
431
331
164
288
300
309
290
200
189
241
371
233
258
291
254
120
374
334
241
